lamdapeak	 Rpeak
600.600010 0.720832 
603.500010 0.720882 
605.800010 0.720402 
607.900010 0.719570 
609.700010 0.719332 
611.300010 0.720880 
612.800010 0.720618 
614.200010 0.719038 
615.600010 0.720699 
616.900010 0.719240 
618.100010 0.720504 
619.300010 0.717375 
620.400010 0.719977 
621.500010 0.718236 
622.500010 0.720693 
623.500010 0.719363 
624.500010 0.720356 
625.500010 0.719799 
626.400010 0.720385 
627.300010 0.718787 
628.200010 0.719548 
629.100010 0.720875 
630.000010 0.714715 
630.800010 0.720709 
631.600010 0.720243 
632.400010 0.719309 
633.200010 0.720052 
634.000010 0.720854 
634.800010 0.716380 
635.500010 0.719587 
636.300010 0.715891 
637.000010 0.720839 
637.700010 0.719563 
638.400010 0.717034 
639.100010 0.716120 
639.800010 0.717608 
640.500010 0.720163 
641.200010 0.720438 
641.900010 0.712993 
642.500010 0.719190 
643.200010 0.717336 
643.800010 0.719206 
644.500010 0.712035 
645.100010 0.720429 
645.700010 0.719533 
646.300010 0.714050 
646.900010 0.707482 
647.600010 0.710797 
648.200010 0.711564 
648.800010 0.709634 
649.300010 0.707996 
649.900010 0.714556 
650.500010 0.719796 
651.100010 0.720233 
651.700010 0.711212 
652.200010 0.716267 
652.800010 0.720139 
653.300010 0.706541 
653.900010 0.720897 
654.400010 0.704561 
655.000010 0.720640 
655.500010 0.712493 
656.100010 0.715349 
656.600010 0.720711 
657.100010 0.712170 
657.700010 0.709451 
658.200010 0.718780 
658.700010 0.720868 
659.200010 0.718583 
659.700010 0.714080 
660.200010 0.709085 
660.700010 0.704965 
661.200010 0.702686 
661.700010 0.702745 
662.200010 0.705124 
662.700010 0.709295 
663.200010 0.714277 
663.700010 0.718705 
664.200010 0.720880 
664.700010 0.718693 
665.200010 0.709363 
665.600010 0.705564 
666.100010 0.718621 
666.600010 0.719656 
667.100010 0.704442 
667.500010 0.714957 
668.000010 0.720030 
668.500010 0.699390 
668.900010 0.719238 
669.400010 0.712943 
669.800010 0.713735 
670.300010 0.717283 
670.700010 0.710524 
671.200010 0.717530 
671.600010 0.712450 
672.100010 0.714054 
672.500010 0.717842 
673.000010 0.702636 
673.400010 0.720845 
673.800010 0.707750 
674.300010 0.711573 
674.700010 0.720724 
675.100010 0.706867 
675.600010 0.707823 
676.000010 0.720467 
676.400010 0.716456 
676.800010 0.697933 
677.300010 0.708831 
677.700010 0.719445 
678.100010 0.720143 
678.500010 0.713063 
678.900010 0.699555 
679.400010 0.698384 
679.800010 0.710086 
680.200010 0.716780 
680.600010 0.720001 
681.000010 0.720896 
681.400010 0.720365 
681.800010 0.719122 
682.200010 0.717732 
682.600010 0.716620 
683.000010 0.716061 
683.400010 0.716182 
683.800010 0.716955 
684.200010 0.718200 
684.600010 0.719589 
685.000010 0.720656 
685.400010 0.720798 
685.800010 0.719262 
686.200010 0.715107 
686.600010 0.707122 
687.000010 0.693676 
687.300010 0.695938 
687.700010 0.710531 
688.100010 0.719094 
688.500010 0.720461 
688.900010 0.712858 
689.300010 0.693321 
689.600010 0.702730 
690.000010 0.718266 
690.400010 0.719669 
690.800010 0.704537 
691.100010 0.695742 
691.500010 0.717783 
691.900010 0.718537 
692.300010 0.694928 
692.600010 0.708471 
693.000010 0.720848 
693.400010 0.703728 
693.700010 0.703770 
694.100010 0.720895 
694.500010 0.701626 
694.800010 0.708127 
695.200010 0.719902 
695.600010 0.686654 
695.900010 0.717401 
696.300010 0.711287 
696.600010 0.702011 
697.000010 0.720042 
697.300010 0.679142 
697.700010 0.720299 
698.100010 0.696538 
698.400010 0.716787 
698.800010 0.705761 
699.100010 0.712837 
699.500010 0.709820 
699.800010 0.710665 
700.200010 0.710466 
700.500010 0.711283 
700.900010 0.708002 
701.200010 0.714404 
701.600010 0.701352 
701.900010 0.718486 
702.300010 0.687864 
702.600010 0.720882 
702.900010 0.685736 
703.300010 0.717843 
703.600010 0.706925 
704.000010 0.703985 
704.300010 0.719463 
704.600010 0.677173 
705.000010 0.717869 
705.300010 0.710177 
705.700010 0.693523 
706.000010 0.720799 
706.300010 0.700824 
706.700010 0.701731 
707.000010 0.720847 
707.300010 0.698166 
707.700010 0.700965 
708.000010 0.720882 
708.300010 0.703899 
708.700010 0.690711 
709.000010 0.719073 
709.300010 0.714210 
709.600010 0.676437 
710.000010 0.708726 
710.300010 0.720854 
710.600010 0.706173 
711.000010 0.676249 
711.300010 0.711577 
711.600010 0.720812 
711.900010 0.708130 
712.200010 0.672072 
712.600010 0.703812 
712.900010 0.719711 
713.200010 0.717582 
713.500010 0.698450 
713.900010 0.674030 
714.200010 0.705055 
714.500010 0.719059 
714.800010 0.719600 
715.100010 0.707970 
715.400010 0.683809 
715.800010 0.682755 
716.100010 0.705981 
716.400010 0.717900 
716.700010 0.720819 
717.000010 0.715970 
717.300010 0.703856 
717.600010 0.684465 
718.000010 0.670952 
718.300010 0.692848 
718.600010 0.707327 
718.900010 0.716064 
719.200010 0.720232 
719.500010 0.720664 
719.800010 0.717972 
720.100010 0.712630 
720.400010 0.705029 
720.700010 0.695514 
721.000010 0.684421 
721.300010 0.672089 
721.700010 0.664465 
722.000010 0.675395 
722.300010 0.683941 
722.600010 0.690576 
722.900010 0.695674 
723.200010 0.699526 
723.500010 0.702362 
723.800010 0.704353 
724.100010 0.705623 
724.400010 0.706256 
724.700010 0.706293 
725.000010 0.705737 
725.300010 0.704553 
725.600010 0.702666 
725.900010 0.699960 
726.200010 0.696272 
726.500010 0.691389 
726.800010 0.685036 
727.100010 0.676862 
727.400010 0.666424 
727.600010 0.661113 
727.900010 0.674093 
728.200010 0.686143 
728.500010 0.696920 
728.800010 0.706098 
729.100010 0.713360 
729.400010 0.718372 
729.700010 0.720758 
730.000010 0.720063 
730.300010 0.715693 
730.600010 0.706845 
730.900010 0.692399 
731.200010 0.670757 
731.400010 0.667181 
731.700010 0.691261 
732.000010 0.708105 
732.300010 0.717999 
732.600010 0.720853 
732.900010 0.716061 
733.200010 0.702290 
733.500010 0.677147 
733.700010 0.666372 
734.000010 0.696819 
734.300010 0.714633 
734.600010 0.720886 
734.900010 0.715331 
735.200010 0.696065 
735.500010 0.658849 
735.700010 0.687316 
736.000010 0.712295 
736.300010 0.720881 
736.600010 0.713361 
736.900010 0.686967 
737.100010 0.663278 
737.400010 0.702837 
737.700010 0.719752 
738.000010 0.716404 
738.300010 0.690530 
738.500010 0.662026 
738.800010 0.705039 
739.100010 0.720659 
739.400010 0.711636 
739.700010 0.673657 
739.900010 0.684445 
740.200010 0.716224 
740.500010 0.718302 
740.800010 0.689623 
741.000010 0.669875 
741.300010 0.712437 
741.600010 0.719624 
741.900010 0.692318 
742.100010 0.668910 
742.400010 0.713549 
742.700010 0.718414 
743.000010 0.683602 
743.200010 0.681991 
743.500010 0.718401 
743.800010 0.712115 
744.100010 0.657785 
744.300010 0.702297 
744.600010 0.720687 
744.900010 0.692145 
745.100010 0.676309 
745.400010 0.718517 
745.700010 0.709031 
745.900010 0.646165 
746.200010 0.711398 
746.500010 0.716570 
746.800010 0.662452 
747.000010 0.703628 
747.300010 0.719413 
747.600010 0.673674 
747.800010 0.698404 
748.100010 0.720190 
748.400010 0.676683 
748.600010 0.697606 
748.900010 0.720011 
749.200010 0.672404 
749.400010 0.701496 
749.700010 0.718589 
750.000010 0.659588 
750.200010 0.708690 
750.500010 0.714232 
750.700010 0.643516 
751.000010 0.716410 
751.300010 0.703647 
751.500010 0.673520 
751.800010 0.720811 
752.100010 0.681205 
752.300010 0.699939 
752.600010 0.716896 
752.800010 0.637774 
753.100010 0.717219 
753.400010 0.697363 
753.600010 0.687172 
753.900010 0.719605 
754.200010 0.649135 
754.400010 0.715578 
754.700010 0.698382 
754.900010 0.688297 
755.200010 0.718614 
755.400010 0.635383 
755.700010 0.718785 
756.000010 0.685343 
756.200010 0.702394 
756.500010 0.711078 
756.700010 0.669930 
757.000010 0.720518 
757.300010 0.646004 
757.500010 0.718011 
757.800010 0.683411 
758.000010 0.705856 
758.300010 0.705264 
758.500010 0.685329 
758.800010 0.716649 
759.000010 0.657317 
759.300010 0.720747 
759.600010 0.640346 
759.800010 0.719685 
760.100010 0.666931 
760.300010 0.715030 
760.600010 0.684955 
760.800010 0.708055 
761.100010 0.697040 
761.300010 0.699887 
761.600010 0.704991 
761.800010 0.691557 
762.100010 0.710069 
762.300010 0.684006 
762.600010 0.713160 
762.800010 0.678041 
763.100010 0.714869 
763.300010 0.674287 
763.600010 0.715569 
763.800010 0.673131 
764.100010 0.715424 
764.300010 0.674688 
764.600010 0.714403 
764.800010 0.678791 
765.100010 0.712275 
765.300010 0.685009 
765.600010 0.708599 
765.800010 0.692686 
766.100010 0.702699 
766.300010 0.701002 
766.600010 0.693600 
766.800010 0.709018 
767.100010 0.679930 
767.300010 0.715717 
767.600010 0.659727 
767.800010 0.719996 
768.100010 0.630141 
768.300010 0.720606 
768.500010 0.653853 
768.800010 0.716012 
769.000010 0.682302 
769.300010 0.704123 
769.500010 0.703535 
769.800010 0.681821 
770.000010 0.716751 
770.300010 0.644148 
770.500010 0.720851 
770.700010 0.653384 
771.000010 0.713903 
771.200010 0.691566 
771.500010 0.692290 
771.700010 0.713934 
772.000010 0.649230 
772.200010 0.720857 
772.400010 0.657500 
772.700010 0.710523 
772.900010 0.700038 
773.200010 0.677330 
773.400010 0.719323 
773.600010 0.630344 
773.900010 0.716267 
774.100010 0.690470 
774.400010 0.686229 
774.600010 0.717872 
774.800010 0.622589 
775.100010 0.716601 
775.300010 0.691455 
775.600010 0.681889 
775.800010 0.719332 
776.000010 0.637810 
776.300010 0.712042 
776.500010 0.702330 
776.800010 0.661522 
777.000010 0.720858 
777.200010 0.668794 
777.500010 0.696835 
777.700010 0.715882 
777.900010 0.620557 
778.200010 0.714033 
778.400010 0.701452 
778.700010 0.656325 
778.900010 0.720360 
779.100010 0.680797 
779.400010 0.682843 
779.600010 0.720233 
779.800010 0.657021 
780.100010 0.698409 
780.300010 0.716708 
780.500010 0.633427 
780.800010 0.707227 
781.000010 0.712102 
781.300010 0.613465 
781.500010 0.711883 
781.700010 0.708187 
782.000010 0.624799 
782.200010 0.713921 
782.400010 0.706174 
782.700010 0.627828 
782.900010 0.714101 
783.100010 0.706630 
783.400010 0.623092 
783.600010 0.712499 
783.800010 0.709420 
784.000010 0.612159 
784.300010 0.708518 
784.500010 0.713735 
784.700010 0.631742 
785.000010 0.700829 
785.200010 0.718166 
785.400010 0.655034 
785.700010 0.687171 
785.900010 0.720793 
786.100010 0.678740 
786.400010 0.663901 
786.600010 0.719156 
786.800010 0.699624 
787.100010 0.625057 
787.300010 0.709969 
787.500010 0.714682 
787.700010 0.644286 
788.000010 0.688338 
788.200010 0.720882 
788.400010 0.685570 
788.700010 0.646028 
788.900010 0.714324 
789.100010 0.711750 
789.300010 0.637418 
789.600010 0.688478 
789.800010 0.720892 
790.000010 0.690514 
790.300010 0.630540 
790.500010 0.708716 
790.700010 0.717288 
790.900010 0.663395 
791.200010 0.664658 
791.400010 0.717324 
791.600010 0.709455 
791.800010 0.636697 
792.100010 0.682726 
792.300010 0.720212 
792.500010 0.701827 
792.700010 0.616622 
793.000010 0.691148 
793.200010 0.720820 
793.400010 0.697578 
793.600010 0.607994 
793.900010 0.692945 
794.100010 0.720841 
794.300010 0.698291 
794.500010 0.612908 
794.800010 0.688787 
795.000010 0.720409 
795.200010 0.703689 
795.400010 0.630106 
795.700010 0.677209 
795.900010 0.718116 
796.100010 0.711705 
796.300010 0.655383 
796.600010 0.654192 
796.800010 0.710917 
797.000010 0.718849 
797.200010 0.682837 
797.500010 0.611759 
797.700010 0.693603 
797.900010 0.720477 
798.100010 0.706256 
798.300010 0.644934 
798.600010 0.657104 
798.800010 0.710306 
799.000010 0.719706 
799.200010 0.690318 
799.400010 0.609762 
799.700010 0.678169 
799.900010 0.716494 
800.100010 0.716500 
800.300010 0.678896 
800.600010 0.603841 
800.800010 0.685490 
801.000010 0.718010 
801.200010 0.715318 
801.400010 0.677024 
801.700010 0.601787 
801.900010 0.682735 
802.100010 0.716728 
802.300010 0.717350 
802.500010 0.685478 
802.700010 0.610159 
803.000010 0.668592 
803.200010 0.711078 
803.400010 0.720443 
803.600010 0.700538 
803.800010 0.645234 
804.100010 0.636196 
804.300010 0.695708 
804.500010 0.719310 
804.700010 0.715247 
804.900010 0.682822 
805.100010 0.612564 
805.400010 0.659514 
805.600010 0.705119 
805.800010 0.720718 
806.000010 0.711469 
806.200010 0.675267 
806.400010 0.602430 
806.700010 0.661973 
806.900010 0.704964 
807.100010 0.720541 
807.300010 0.713418 
807.500010 0.682253 
807.700010 0.619540 
808.000010 0.645183 
808.200010 0.695159 
808.400010 0.717736 
808.600010 0.718970 
808.800010 0.699642 
809.000010 0.655729 
809.300010 0.598932 
809.500010 0.667453 
809.700010 0.704848 
809.900010 0.720010 
810.100010 0.716700 
810.300010 0.694676 
810.500010 0.649829 
810.800010 0.600021 
811.000010 0.665105 
811.200010 0.702098 
811.400010 0.718841 
811.600010 0.718999 
811.800010 0.703024 
812.000010 0.668418 
812.200010 0.609419 
812.500010 0.636339 
812.700010 0.683810 
812.900010 0.710221 
813.100010 0.720533 
813.300010 0.716846 
813.500010 0.698954 
813.700010 0.664437 
813.900010 0.608402 
814.200010 0.630384 
814.400010 0.677384 
814.600010 0.705340 
814.800010 0.718779 
815.000010 0.719975 
815.200010 0.709444 
815.400010 0.686131 
815.600010 0.647342 
815.800010 0.588563 
816.100010 0.638523 
816.300010 0.679390 
816.500010 0.704665 
816.700010 0.717810 
816.900010 0.720702 
817.100010 0.713985 
817.300010 0.697232 
817.500010 0.668962 
817.700010 0.626552 
818.000010 0.594312 
818.200010 0.645601 
818.400010 0.680663 
818.600010 0.703370 
818.800010 0.716268 
819.000010 0.720862 
819.200010 0.717841 
819.400010 0.707216 
819.600010 0.688366 
819.800010 0.660024 
820.000010 0.620242 
820.300010 0.590193 
820.500010 0.636994 
820.700010 0.670714 
820.900010 0.694241 
821.100010 0.709625 
821.300010 0.718233 
821.500010 0.720895 
821.700010 0.718020 
821.900010 0.709653 
822.100010 0.695517 
822.300010 0.675015 
822.500010 0.647228 
822.700010 0.610921 
823.000010 0.587167 
823.200010 0.627655 
823.400010 0.658519 
823.600010 0.681658 
823.800010 0.698519 
824.000010 0.710168 
824.200010 0.717362 
824.400010 0.720619 
824.600010 0.720262 
824.800010 0.716456 
825.000010 0.709231 
825.200010 0.698498 
825.400010 0.684058 
825.600010 0.665610 
825.800010 0.642757 
826.000010 0.615021 
826.200010 0.581871 
826.500010 0.599351 
826.700010 0.628110 
826.900010 0.651447 
827.100010 0.670255 
827.300010 0.685261 
827.500010 0.697049 
827.700010 0.706081 
827.900010 0.712722 
828.100010 0.717262 
828.300010 0.719925 
828.500010 0.720889 
828.700010 0.720289 
828.900010 0.718231 
829.100010 0.714795 
829.300010 0.710041 
829.500010 0.704012 
829.700010 0.696741 
829.900010 0.688252 
830.100010 0.678565 
830.300010 0.667696 
830.500010 0.655661 
830.700010 0.642481 
830.900010 0.628183 
831.100010 0.612800 
831.300010 0.596378 
831.500010 0.578975 
831.800010 0.575328 
832.000010 0.591425 
832.200010 0.605618 
832.400010 0.618134 
832.600010 0.629172 
832.800010 0.638905 
833.000010 0.647485 
833.200010 0.655046 
833.400010 0.661704 
833.600010 0.667561 
833.800010 0.672707 
834.000010 0.677218 
834.200010 0.681165 
834.400010 0.684606 
834.600010 0.687595 
834.800010 0.690178 
835.000010 0.692395 
835.200010 0.694280 
835.400010 0.695863 
835.600010 0.697170 
835.800010 0.698222 
836.000010 0.699035 
836.200010 0.699623 
836.400010 0.699997 
836.600010 0.700162 
836.800010 0.700121 
837.000010 0.699873 
837.200010 0.699415 
837.400010 0.698740 
837.600010 0.697836 
837.800010 0.696689 
838.000010 0.695281 
838.200010 0.693590 
838.400010 0.691590 
838.600010 0.689249 
838.800010 0.686532 
839.000010 0.683398 
839.200010 0.679800 
839.400010 0.675684 
839.600010 0.670990 
839.800010 0.665647 
840.000010 0.659578 
840.200010 0.652691 
840.400010 0.644885 
840.600010 0.636041 
840.800010 0.626027 
841.000010 0.614691 
841.200010 0.601859 
841.400010 0.587334 
841.600010 0.570892 
841.900010 0.583180 
842.100010 0.600146 
842.300010 0.616134 
842.500010 0.631093 
842.700010 0.644983 
842.900010 0.657774 
843.100010 0.669445 
843.300010 0.679977 
843.500010 0.689357 
843.700010 0.697571 
843.900010 0.704601 
844.100010 0.710426 
844.300010 0.715016 
844.500010 0.718330 
844.700010 0.720312 
844.900010 0.720889 
845.100010 0.719963 
845.300010 0.717409 
845.500010 0.713064 
845.700010 0.706721 
845.900010 0.698118 
846.100010 0.686923 
846.300010 0.672719 
846.500010 0.654983 
846.700010 0.633067 
846.900010 0.606172 
847.100010 0.573343 
847.400010 0.606284 
847.600010 0.634807 
847.800010 0.658532 
848.000010 0.677926 
848.200010 0.693389 
848.400010 0.705238 
848.600010 0.713699 
848.800010 0.718904 
849.000010 0.720879 
849.200010 0.719541 
849.400010 0.714677 
849.600010 0.705918 
849.800010 0.692712 
850.000010 0.674272 
850.200010 0.649515 
850.400010 0.617006 
850.700010 0.576774 
850.900010 0.619257 
851.100010 0.652663 
851.300010 0.678322 
851.500010 0.697315 
851.700010 0.710442 
851.900010 0.718221 
852.100010 0.720895 
852.300010 0.718424 
852.500010 0.710456 
852.700010 0.696280 
852.900010 0.674734 
853.100010 0.644092 
853.300010 0.601925 
853.600010 0.606659 
853.800010 0.648629 
854.000010 0.679328 
854.200010 0.700702 
854.400010 0.714107 
854.600010 0.720337 
854.800010 0.719654 
855.000010 0.711772 
855.200010 0.695792 
855.400010 0.670060 
855.600010 0.631967 
855.900010 0.582382 
856.100010 0.635985 
856.300010 0.673945 
856.500010 0.699433 
856.700010 0.714617 
856.900010 0.720720 
857.100010 0.718095 
857.300010 0.706214 
857.500010 0.683543 
857.700010 0.647282 
857.900010 0.593023 
858.200010 0.631881 
858.400010 0.674394 
858.600010 0.701692 
858.800010 0.716675 
859.000010 0.720844 
859.200010 0.714422 
859.400010 0.696323 
859.600010 0.663897 
859.800010 0.612481 
860.100010 0.622026 
860.300010 0.670913 
860.500010 0.701372 
860.700010 0.717283 
860.900010 0.720572 
861.100010 0.711402 
861.300010 0.688117 
861.500010 0.646843 
861.800010 0.588424 
862.000010 0.652315 
862.200010 0.692211 
862.400010 0.714014 
862.600010 0.720897 
862.800010 0.713651 
863.000010 0.690741 
863.200010 0.647859 
863.500010 0.594413 
863.700010 0.659216 
863.900010 0.697964 
864.100010 0.717212 
864.300010 0.720118 
864.500010 0.706869 
864.700010 0.674597 
864.900010 0.616602 
865.200010 0.635988 
865.400010 0.686538 
865.600010 0.713158 
865.800010 0.720865 
866.000010 0.710869 
866.200010 0.680707 
866.400010 0.623469 
866.700010 0.634751 
866.900010 0.687677 
867.100010 0.714427 
867.300010 0.720588 
867.500010 0.707167 
867.700010 0.670668 
867.900010 0.601999 
868.200010 0.656061 
868.400010 0.700558 
868.600010 0.719409 
868.800010 0.716831 
869.000010 0.691780 
869.200010 0.637428 
869.500010 0.630286 
869.700010 0.688606 
869.900010 0.716070 
870.100010 0.719541 
870.300010 0.699528 
870.500010 0.650102 
870.800010 0.620160 
871.000010 0.684881 
871.200010 0.715292 
871.400010 0.719644 
871.600010 0.698759 
871.800010 0.646014 
872.100010 0.629580 
872.300010 0.691216 
872.500010 0.717902 
872.700010 0.717379 
872.900010 0.689033 
873.100010 0.623368 
873.400010 0.654787 
873.600010 0.704385 
873.800010 0.720805 
874.000010 0.708976 
874.200010 0.664475 
874.500010 0.613720 
874.700010 0.686168 
874.900010 0.717225 
875.100010 0.717223 
875.300010 0.685677 
875.500010 0.610722 
875.800010 0.669429 
876.000010 0.712032 
876.200010 0.719956 
876.400010 0.695643 
876.600010 0.629369 
876.900010 0.659314 
877.100010 0.708833 
877.300010 0.720549 
877.500010 0.698535 
877.700010 0.633486 
878.000010 0.658880 
878.200010 0.709386 
878.400010 0.720305 
878.600010 0.695611 
878.800010 0.624389 
879.100010 0.668224 
879.300010 0.713387 
879.500010 0.718621 
879.700010 0.685655 
879.900010 0.599346 
880.200010 0.684478 
880.400010 0.718544 
880.600010 0.712958 
880.800010 0.664614 
881.100010 0.635889 
881.300010 0.702679 
881.500010 0.720852 
881.700010 0.698452 
881.900010 0.624117 
882.200010 0.675164 
882.400010 0.716859 
882.600010 0.714534 
882.800010 0.666448 
883.100010 0.639580 
883.300010 0.705654 
883.500010 0.720346 
883.700010 0.690639 
883.900010 0.600359 
884.200010 0.690897 
884.400010 0.720465 
884.600010 0.704113 
884.800010 0.632362 
885.100010 0.675906 
885.300010 0.718023 
885.500010 0.711233 
885.700010 0.651106 
886.000010 0.663699 
886.200010 0.715266 
886.400010 0.714614 
886.600010 0.660730 
886.900010 0.656674 
887.100010 0.713687 
887.300010 0.715713 
887.500010 0.663322 
887.800010 0.656204 
888.000010 0.713987 
888.200010 0.715067 
888.400010 0.659451 
888.700010 0.662362 
888.900010 0.716033 
889.100010 0.712365 
889.300010 0.648321 
889.600010 0.673916 
889.800010 0.718875 
890.000010 0.706422 
890.200010 0.627581 
890.500010 0.688592 
890.700010 0.720816 
890.900010 0.695018 
891.200010 0.616093 
891.400010 0.703478 
891.600010 0.719435 
891.800010 0.674459 
892.100010 0.654186 
892.300010 0.715379 
892.500010 0.711387 
892.700010 0.638583 
893.000010 0.686743 
893.200010 0.720852 
893.400010 0.691708 
893.700010 0.631453 
893.900010 0.710017 
894.100010 0.715701 
894.300010 0.652108 
894.600010 0.680859 
894.800010 0.720637 
895.000010 0.693530 
895.300010 0.632629 
895.500010 0.711269 
895.700010 0.714061 
895.900010 0.642489 
896.200010 0.689724 
896.400010 0.720803 
896.600010 0.681521 
896.900010 0.656956 
897.100010 0.717735 
897.300010 0.704070 
897.600010 0.613683 
897.800010 0.707303 
898.000010 0.715871 
898.200010 0.646024 
898.500010 0.691285 
898.700010 0.720493 
898.900010 0.673763 
899.200010 0.671276 
899.400010 0.720334 
899.600010 0.691726 
899.900010 0.648951 
900.100010 0.717164 
900.300010 0.703151 
900.600010 0.626157 
900.800010 0.712404 
901.000010 0.710201 
901.200010 0.616591 
901.500010 0.707247 
901.700010 0.714361 
901.900010 0.632251 
902.200010 0.702688 
902.400010 0.716651 
902.600010 0.641848 
902.900010 0.699497 
903.100010 0.717738 
903.300010 0.646514 
903.600010 0.698179 
903.800010 0.717994 
904.000010 0.646796 
904.300010 0.698933 
904.500010 0.717514 
904.700010 0.642738 
905.000010 0.701639 
905.200010 0.716127 
905.400010 0.633884 
905.700010 0.705868 
905.900010 0.713388 
906.100010 0.619225 
906.400010 0.710922 
906.600010 0.708550 
906.900010 0.629254 
907.100010 0.715877 
907.300010 0.700507 
907.600010 0.651921 
907.800010 0.719626 
908.000010 0.687669 
908.300010 0.673848 
908.500010 0.720864 
908.700010 0.667718 
909.000010 0.693267 
909.200010 0.718012 
909.400010 0.637191 
909.700010 0.708591 
909.900010 0.709011 
910.200010 0.637274 
910.400010 0.718301 
910.600010 0.690918 
910.900010 0.674740 
911.100010 0.720690 
911.300010 0.659154 
911.600010 0.701611 
911.800010 0.713390 
912.100010 0.626718 
912.300010 0.717245 
912.500010 0.692559 
912.800010 0.676169 
913.000010 0.720398 
913.200010 0.651401 
913.500010 0.707053 
913.700010 0.708229 
914.000010 0.649517 
914.200010 0.720380 
914.400010 0.674620 
914.700010 0.696264 
914.900010 0.714895 
915.200010 0.629026 
915.400010 0.718468 
915.600010 0.685133 
915.900010 0.689517 
916.100010 0.717100 
916.400010 0.620482 
916.600010 0.717617 
916.800010 0.687117 
917.100010 0.689426 
917.300010 0.716738 
917.600010 0.626316 
917.800010 0.718718 
918.000010 0.681391 
918.300010 0.696001 
918.500010 0.713488 
918.800010 0.644784 
919.000010 0.720584 
919.200010 0.665742 
919.500010 0.706673 
919.700010 0.704781 
920.000010 0.670612 
920.200010 0.720026 
920.400010 0.634128 
920.700010 0.716912 
920.900010 0.685221 
921.200010 0.696702 
921.400010 0.711730 
921.700010 0.657599 
921.900010 0.720795 
922.100010 0.644613 
922.400010 0.715726 
922.600010 0.687015 
922.900010 0.697373 
923.100010 0.710445 
923.400010 0.664823 
923.600010 0.720162 
923.800010 0.629588 
924.100010 0.718963 
924.300010 0.672672 
924.600010 0.708099 
924.800010 0.699381 
925.100010 0.687802 
925.300010 0.714372 
925.600010 0.657608 
925.800010 0.720502 
926.000010 0.630879 
926.300010 0.719494 
926.500010 0.666486 
926.800010 0.712371 
927.000010 0.690551 
927.300010 0.699725 
927.500010 0.706195 
927.800010 0.681897 
928.000010 0.715538 
928.300010 0.659123 
928.500010 0.720046 
928.800010 0.631640 
929.000010 0.720766 
929.200010 0.647161 
929.500010 0.718490 
929.700010 0.668419 
930.000010 0.713848 
930.200010 0.684114 
930.500010 0.707385 
930.700010 0.695607 
931.000010 0.699596 
931.200010 0.703913 
931.500010 0.690959 
931.700010 0.709803 
932.000010 0.681943 
932.200010 0.713876 
932.500010 0.673009 
932.700010 0.716599 
933.000010 0.664605 
933.200010 0.718347 
933.500010 0.657149 
933.700010 0.719410 
934.000010 0.651013 
934.200010 0.720016 
934.500010 0.646506 
934.700010 0.720328 
935.000010 0.643854 
935.200010 0.720454 
935.500010 0.643189 
935.700010 0.720445 
936.000010 0.644542 
936.200010 0.720297 
936.500010 0.647841 
936.700010 0.719952 
937.000010 0.652915 
937.200010 0.719297 
937.500010 0.659505 
937.700010 0.718161 
938.000010 0.667280 
938.200010 0.716317 
938.500010 0.675852 
938.700010 0.713468 
939.000010 0.684798 
939.200010 0.709243 
939.500010 0.693673 
939.700010 0.703177 
940.000010 0.702026 
940.200010 0.694677 
940.500010 0.709401 
940.700010 0.682984 
941.000010 0.715335 
941.200010 0.667102 
941.500010 0.719344 
941.700010 0.645703 
942.000010 0.720895 
942.300010 0.644351 
942.500010 0.719357 
942.800010 0.669438 
943.000010 0.713936 
943.300010 0.689832 
943.500010 0.703572 
943.800010 0.705336 
944.000010 0.686780 
944.300010 0.715718 
944.500010 0.661420 
944.800010 0.720596 
945.100010 0.640322 
945.300010 0.719306 
945.600010 0.674689 
945.800010 0.710719 
946.100010 0.699171 
946.300010 0.692954 
946.600010 0.714467 
946.800010 0.662949 
947.100010 0.720752 
947.400010 0.649193 
947.600010 0.717448 
947.900010 0.686582 
948.100010 0.702876 
948.400010 0.709775 
948.600010 0.673684 
948.900010 0.720206 
949.200010 0.643974 
949.400010 0.717886 
949.700010 0.687555 
949.900010 0.700968 
950.200010 0.712378 
950.400010 0.664899 
950.700010 0.720888 
951.000010 0.662043 
951.200010 0.712993 
951.500010 0.701312 
951.700010 0.685403 
952.000010 0.719169 
952.300010 0.640888 
952.500010 0.717596 
952.800010 0.692594 
953.000010 0.694385 
953.300010 0.717200 
953.500010 0.641594 
953.800010 0.718810 
954.100010 0.689896 
954.300010 0.695858 
954.600010 0.717219 
954.800010 0.639454 
955.100010 0.718058 
955.400010 0.694281 
955.600010 0.690516 
955.900010 0.719202 
956.200010 0.649919 
956.400010 0.714449 
956.700010 0.703952 
956.900010 0.676018 
957.200010 0.720890 
957.500010 0.673895 
957.700010 0.704652 
958.000010 0.714739 
958.200010 0.646150 
958.500010 0.717886 
958.800010 0.698640 
959.000010 0.682087 
959.300010 0.720817 
959.600010 0.674296 
959.800010 0.703142 
960.100010 0.716579 
960.400010 0.643251 
960.600010 0.714578 
960.900010 0.707377 
961.100010 0.664386 
961.400010 0.719732 
961.700010 0.695026 
961.900010 0.684004 
962.200010 0.720883 
962.500010 0.681219 
962.700010 0.696607 
963.000010 0.719708 
963.300010 0.667603 
963.500010 0.704502 
963.800010 0.717500 
964.100010 0.655745 
964.300010 0.709227 
964.600010 0.715256 
964.900010 0.647006 
965.100010 0.711785 
965.400010 0.713697 
965.700010 0.642395 
965.900010 0.712771 
966.200010 0.713247 
966.500010 0.642444 
966.700010 0.712431 
967.000010 0.714020 
967.300010 0.647134 
967.500010 0.710685 
967.800010 0.715812 
968.100010 0.655907 
968.300010 0.707121 
968.600010 0.718118 
968.900010 0.667738 
969.100010 0.700962 
969.400010 0.720154 
969.700010 0.681271 
969.900010 0.690992 
970.200010 0.720872 
970.500010 0.694966 
970.700010 0.675388 
971.000010 0.718935 
971.300010 0.707218 
971.500010 0.651423 
971.800010 0.712616 
972.100010 0.716395 
972.400010 0.666191 
972.600010 0.699550 
972.900010 0.720770 
973.200010 0.692264 
973.400010 0.676247 
973.700010 0.718272 
974.000010 0.710727 
974.300010 0.650442 
974.500010 0.706007 
974.800010 0.720106 
975.100010 0.688183 
975.300010 0.679351 
975.600010 0.718334 
975.900010 0.711828 
976.200010 0.657484 
976.400010 0.701758 
976.700010 0.720855 
977.000010 0.698082 
977.200010 0.663379 
977.500010 0.712992 
977.800010 0.718320 
978.100010 0.682810 
978.300010 0.682310 
978.600010 0.718033 
978.900010 0.714080 
979.200010 0.669587 
979.400010 0.692525 
979.700010 0.719920 
980.000010 0.710555 
980.300010 0.661346 
980.500010 0.696999 
980.800010 0.720422 
981.100010 0.709260 
981.400010 0.659895 
981.600010 0.697079 
981.900010 0.720272 
982.200010 0.710692 
982.500010 0.665531 
982.700010 0.692803 
983.000010 0.719227 
983.300010 0.714285 
983.600010 0.676990 
983.800010 0.682924 
984.100010 0.716066 
984.400010 0.718484 
984.700010 0.691736 
984.900010 0.664637 
985.200010 0.708491 
985.500010 0.720875 
985.800010 0.706456 
986.100010 0.661471 
986.300010 0.692760 
986.600010 0.718170 
986.900010 0.717466 
987.200010 0.691123 
987.400010 0.662703 
987.700010 0.705762 
988.000010 0.720695 
988.300010 0.712304 
988.600010 0.678982 
988.800010 0.676327 
989.100010 0.710872 
989.400010 0.720884 
989.700010 0.709528 
990.000010 0.674621 
990.200010 0.679303 
990.500010 0.711306 
990.800010 0.720895 
991.100010 0.710892 
991.400010 0.679624 
991.600010 0.672881 
991.900010 0.707376 
992.200010 0.720475 
992.500010 0.715540 
992.800010 0.692105 
993.000010 0.654520 
993.300010 0.696610 
993.600010 0.716980 
993.900010 0.720179 
994.200010 0.707330 
994.500010 0.676595 
994.700010 0.673030 
995.000010 0.705091 
995.300010 0.719375 
995.600010 0.718859 
995.900010 0.703939 
996.200010 0.672681 
996.400010 0.675310 
996.700010 0.704980 
997.000010 0.718912 
997.300010 0.719707 
997.600010 0.707930 
997.900010 0.682352 
998.100010 0.662775 
998.400010 0.696233 
998.700010 0.714620 
999.000010 0.720873 
999.300010 0.716219 
999.600010 0.700488 
999.900010 0.672190 
1000.100010 0.672190 
1000.400010 0.700038 
1000.700010 0.715539 
1001.000010 0.720873 
1001.300010 0.717001 
1001.600010 0.703888 
1001.900010 0.680578 
1002.100010 0.660590 
1002.400010 0.690638 
1002.700010 0.709355 
1003.000010 0.718935 
1003.300010 0.720609 
1003.600010 0.714856 
1003.900010 0.701524 
1004.200010 0.679864 
1004.400010 0.658915 
1004.700010 0.686871 
1005.000010 0.705413 
1005.300010 0.716327 
1005.600010 0.720732 
1005.900010 0.719232 
1006.200010 0.712014 
1006.500010 0.698905 
1006.800010 0.679395 
1007.000010 0.656555 
1007.300010 0.682007 
1007.600010 0.700005 
1007.900010 0.711914 
1008.200010 0.718673 
1008.500010 0.720896 
1008.800010 0.718937 
1009.100010 0.712943 
1009.400010 0.702884 
1009.700010 0.688574 
1010.000010 0.669683 
1010.200010 0.664487 
1010.500010 0.684007 
1010.800010 0.698580 
1011.100010 0.709023 
1011.400010 0.715946 
1011.700010 0.719794 
1012.000010 0.720889 
1012.300010 0.719450 
1012.600010 0.715621 
1012.900010 0.709479 
1013.200010 0.701052 
1013.500010 0.690329 
1013.800010 0.677263 
1014.100010 0.661786 
1014.300010 0.668148 
1014.600010 0.681908 
1014.900010 0.692969 
1015.200010 0.701734 
1015.500010 0.708529 
1015.800010 0.713621 
1016.100010 0.717229 
1016.400010 0.719537 
1016.700010 0.720697 
1017.000010 0.720838 
1017.300010 0.720075 
1017.600010 0.718505 
1017.900010 0.716219 
1018.200010 0.713298 
1018.500010 0.709818 
1018.800010 0.705853 
1019.100010 0.701473 
1019.400010 0.696750 
1019.700010 0.691751 
1020.000010 0.686548 
1020.300010 0.681210 
1020.600010 0.675807 
1020.900010 0.670409 
1021.200010 0.665087 
1021.500010 0.659908 
1021.700010 0.662418 
1022.000010 0.666721 
1022.300010 0.670397 
1022.600010 0.673507 
1022.900010 0.676103 
1023.200010 0.678230 
1023.500010 0.679922 
1023.800010 0.681208 
1024.100010 0.682109 
1024.400010 0.682641 
1024.700010 0.682814 
1025.000010 0.682630 
1025.300010 0.682086 
1025.600010 0.681174 
1025.900010 0.679880 
1026.200010 0.678181 
1026.500010 0.676051 
1026.800010 0.673454 
1027.100010 0.670349 
1027.400010 0.666684 
1027.700010 0.662401 
1028.100010 0.663317 
1028.400010 0.668561 
1028.700010 0.673901 
1029.000010 0.679266 
1029.300010 0.684590 
1029.600010 0.689803 
1029.900010 0.694838 
1030.200010 0.699628 
1030.500010 0.704106 
1030.800010 0.708204 
1031.100010 0.711855 
1031.400010 0.714991 
1031.700010 0.717540 
1032.000010 0.719428 
1032.300010 0.720573 
1032.600010 0.720888 
1032.900010 0.720272 
1033.200010 0.718613 
1033.500010 0.715778 
1033.800010 0.711613 
1034.100010 0.705933 
1034.400010 0.698515 
1034.700010 0.689087 
1035.000010 0.677321 
1035.300010 0.662812 
1035.700010 0.676927 
1036.000010 0.689792 
1036.300010 0.700406 
1036.600010 0.708817 
1036.900010 0.715043 
1037.200010 0.719067 
1037.500010 0.720824 
1037.800010 0.720197 
1038.100010 0.717000 
1038.400010 0.710961 
1038.700010 0.701701 
1039.000010 0.688706 
1039.300010 0.671289 
1039.700010 0.676075 
1040.000010 0.693058 
1040.300010 0.705817 
1040.600010 0.714625 
1040.900010 0.719628 
1041.200010 0.720827 
1041.500010 0.718066 
1041.800010 0.710999 
1042.100010 0.699049 
1042.400010 0.681349 
1042.800010 0.670954 
1043.100010 0.692229 
1043.400010 0.707270 
1043.700010 0.716666 
1044.000010 0.720714 
1044.300010 0.719412 
1044.600010 0.712430 
1044.900010 0.699044 
1045.200010 0.678045 
1045.600010 0.679153 
1045.900010 0.700348 
1046.200010 0.713798 
1046.500010 0.720222 
1046.800010 0.719837 
1047.100010 0.712331 
1047.400010 0.696789 
1047.700010 0.671540 
1048.100010 0.688499 
1048.400010 0.708012 
1048.700010 0.718509 
1049.000010 0.720660 
1049.300010 0.714363 
1049.600010 0.698677 
1049.900010 0.671630 
1050.300010 0.691309 
1050.600010 0.710875 
1050.900010 0.719987 
1051.200010 0.719321 
1051.500010 0.708469 
1051.800010 0.685793 
1052.200010 0.681330 
1052.500010 0.706376 
1052.800010 0.718863 
1053.100010 0.720020 
1053.400010 0.709642 
1053.700010 0.685955 
1054.100010 0.683939 
1054.400010 0.708961 
1054.700010 0.720033 
1055.000010 0.718380 
1055.300010 0.703376 
1055.600010 0.672306 
1056.000010 0.697561 
1056.300010 0.716394 
1056.600010 0.720621 
1056.900010 0.710531 
1057.200010 0.684010 
1057.600010 0.690517 
1057.900010 0.713945 
1058.200010 0.720876 
1058.500010 0.712138 
1058.800010 0.685684 
1059.200010 0.691014 
1059.500010 0.714818 
1059.800010 0.720703 
1060.100010 0.709393 
1060.400010 0.678136 
1060.800010 0.698800 
1061.100010 0.718286 
1061.400010 0.718915 
1061.700010 0.700365 
1062.100010 0.677782 
1062.400010 0.710301 
1062.700010 0.720886 
1063.000010 0.711502 
1063.300010 0.679448 
1063.700010 0.700858 
1064.000010 0.719515 
1064.300010 0.716580 
1064.600010 0.690821 
1065.000010 0.693242 
1065.300010 0.717614 
1065.600010 0.718522 
1065.900010 0.695698 
1066.300010 0.689760 
1066.600010 0.716855 
1066.900010 0.718810 
1067.200010 0.695650 
1067.600010 0.691410 
1067.900010 0.717765 
1068.200010 0.717709 
1068.500010 0.690680 
1068.900010 0.697697 
1069.200010 0.719699 
1069.500010 0.714309 
1069.800010 0.679241 
1070.200010 0.706752 
1070.500010 0.720897 
1070.800010 0.706429 
1071.200010 0.681265 
1071.500010 0.715654 
1071.800010 0.718511 
1072.100010 0.690248 
1072.500010 0.701623 
1072.800010 0.720723 
1073.100010 0.708344 
1073.500010 0.681012 
1073.800010 0.716355 
1074.100010 0.717370 
1074.400010 0.683824 
1074.800010 0.707795 
1075.100010 0.720653 
1075.400010 0.698996 
1075.800010 0.697046 
1076.100010 0.720496 
1076.400010 0.708102 
1076.800010 0.685930 
1077.100010 0.718609 
1077.400010 0.713322 
1077.800010 0.676107 
1078.100010 0.716293 
1078.400010 0.716099 
1078.700010 0.674756 
1079.100010 0.714498 
1079.400010 0.717350 
1079.700010 0.678182 
1080.100010 0.713812 
1080.400010 0.717557 
1080.700010 0.677904 
1081.100010 0.714437 
1081.400010 0.716810 
1081.700010 0.673892 
1082.100010 0.716184 
1082.400010 0.714813 
1082.800010 0.679270 
1083.100010 0.718482 
1083.400010 0.710868 
1083.800010 0.689651 
1084.100010 0.720415 
1084.400010 0.703820 
1084.800010 0.700753 
1085.100010 0.720731 
1085.400010 0.691927 
1085.800010 0.710895 
1086.100010 0.717807 
1086.500010 0.674237 
1086.800010 0.718270 
1087.100010 0.709488 
1087.500010 0.696098 
1087.800010 0.720877 
1088.100010 0.692716 
1088.500010 0.712116 
1088.800010 0.716262 
1089.200010 0.683654 
1089.500010 0.720306 
1089.800010 0.700931 
1090.200010 0.707898 
1090.500010 0.718182 
1090.900010 0.678963 
1091.200010 0.719932 
1091.500010 0.701775 
1091.900010 0.708437 
1092.200010 0.717494 
1092.600010 0.683956 
1092.900010 0.720646 
1093.200010 0.695765 
1093.600010 0.713374 
1093.900010 0.713359 
1094.300010 0.696505 
1094.600010 0.720447 
1094.900010 0.679622 
1095.300010 0.719283 
1095.600010 0.701717 
1096.000010 0.711163 
1096.300010 0.714422 
1096.700010 0.696830 
1097.000010 0.720135 
1097.400010 0.676733 
1097.700010 0.720449 
1098.000010 0.693864 
1098.400010 0.716472 
1098.700010 0.706875 
1099.100010 0.709041 
1099.400010 0.714901 
1099.800010 0.698854 
