lamda	 Trans	 TransPhase	 Ref	 RefPhase
701.000010 1.150878e+00 -57.210502 0.013533 11.806471 
702.000010 1.136624e+00 -70.545696 0.025751 10.267524 
703.000010 1.113972e+00 -83.826703 0.045166 3.942629 
704.000010 1.083263e+00 -96.963842 0.071489 -4.964881 
705.000010 1.046525e+00 -109.867952 0.102978 -15.195121 
706.000010 1.006995e+00 -122.469578 0.136862 -26.060450 
707.000010 9.683265e-01 -134.732266 0.170006 -37.187439 
708.000010 9.338838e-01 -146.657303 0.199528 -48.385881 
709.000010 9.063215e-01 -158.280959 0.223153 -59.579969 
710.000010 8.874785e-01 -169.667353 0.239304 -70.768151 
711.000010 8.784588e-01 179.100107 0.247035 -81.997743 
712.000010 8.797600e-01 167.926980 0.245920 -93.348363 
713.000010 8.913515e-01 156.715381 0.235984 -104.921179 
714.000010 9.126564e-01 145.371381 0.217723 -116.832291 
715.000010 9.424404e-01 133.812975 0.192194 -129.209815 
716.000010 9.786639e-01 121.979010 0.161145 -142.196287 
717.000010 1.018413e+00 109.838421 0.127074 -155.961947 
718.000010 1.058070e+00 97.397610 0.093083 -170.742091 
719.000010 1.093838e+00 84.702423 0.062425 173.073520 
720.000010 1.122572e+00 71.831332 0.037795 154.744251 
721.000010 1.142612e+00 58.879123 0.020618 132.804927 
722.000010 1.154184e+00 45.934881 0.010699 104.789728 
723.000010 1.159146e+00 33.061409 0.006447 69.650133 
724.000010 1.160189e+00 20.282756 0.005552 34.741798 
725.000010 1.159875e+00 7.582782 0.005821 9.579425 
726.000010 1.159816e+00 -5.086315 0.005872 -4.181593 
727.000010 1.160152e+00 -17.788476 0.005584 -6.354622 
728.000010 1.159357e+00 -30.584215 0.006266 2.632853 
729.000010 1.154418e+00 -43.509678 0.010499 13.501088 
730.000010 1.141496e+00 -56.557978 0.021575 16.667381 
731.000010 1.117096e+00 -69.668385 0.042489 12.881546 
732.000010 1.079469e+00 -82.729586 0.074741 5.229788 
733.000010 1.029595e+00 -95.599590 0.117490 -4.344842 
734.000010 9.711236e-01 -108.137010 0.167608 -14.783921 
735.000010 9.092727e-01 -120.231907 0.220623 -25.502057 
736.000010 8.493513e-01 -131.825050 0.271985 -36.180316 
737.000010 7.956621e-01 -142.911844 0.318004 -46.664893 
738.000010 7.511062e-01 -153.534755 0.356195 -56.909138 
739.000010 7.173367e-01 -163.770915 0.385140 -66.935883 
740.000010 6.951548e-01 -173.720214 0.404153 -76.812326 
741.000010 6.849063e-01 176.503684 0.412937 -86.634061 
742.000010 6.867658e-01 166.779215 0.411344 -96.515723 
743.000010 7.008715e-01 156.980736 0.399253 -106.585988 
744.000010 7.272995e-01 146.981856 0.376600 -116.984999 
745.000010 7.658630e-01 136.660150 0.343546 -127.862639 
746.000010 8.157227e-01 125.905162 0.300809 -139.376900 
747.000010 8.748442e-01 114.631205 0.250134 -151.693486 
748.000010 9.394782e-01 102.794734 0.194733 -164.992882 
749.000010 1.004056e+00 90.412343 0.139380 -179.502698 
750.000010 1.061990e+00 77.570454 0.089722 164.401829 
751.000010 1.107492e+00 64.415652 0.050721 145.933703 
752.000010 1.137666e+00 51.120963 0.024858 123.288188 
753.000010 1.153530e+00 37.837562 0.011260 92.913221 
754.000010 1.159225e+00 24.652066 0.006379 53.564703 
755.000010 1.159951e+00 11.566227 0.005756 18.208064 
756.000010 1.159768e+00 -1.497332 0.005913 -1.385684 
757.000010 1.159962e+00 -14.669270 0.005747 -3.678564 
758.000010 1.158079e+00 -28.093624 0.007361 9.631257 
759.000010 1.147746e+00 -41.876276 0.016218 21.395469 
760.000010 1.119967e+00 -56.026462 0.040029 21.566814 
761.000010 1.066673e+00 -70.409611 0.085709 14.536152 
762.000010 9.856827e-01 -84.745477 0.155129 4.229680 
763.000010 8.834690e-01 -98.675002 0.242741 -7.325622 
764.000010 7.726627e-01 -111.870711 0.337718 -19.044396 
765.000010 6.661453e-01 -124.125758 0.429018 -30.348057 
766.000010 5.726054e-01 -135.378425 0.509195 -40.977959 
767.000010 4.957331e-01 -145.682935 0.575086 -50.877134 
768.000010 4.357049e-01 -155.162833 0.626539 -60.103199 
769.000010 3.910166e-01 -163.972683 0.664843 -68.770342 
770.000010 3.597698e-01 -172.275565 0.691626 -77.016666 
771.000010 3.403618e-01 179.766101 0.708261 -84.989624 
772.000010 3.318022e-01 171.990926 0.715598 -92.842812 
773.000010 3.338655e-01 164.233566 0.713830 -100.739714 
774.000010 3.472100e-01 156.316206 0.702391 -108.862187 
775.000010 3.735264e-01 148.037354 0.679835 -117.422922 
776.000010 4.157045e-01 139.158816 0.643682 -126.681613 
777.000010 4.778635e-01 129.393576 0.590403 -136.963687 
778.000010 5.647538e-01 118.403140 0.515925 -148.676866 
779.000010 6.793988e-01 105.825544 0.417658 -162.314320 
780.000010 8.175149e-01 91.371610 0.299273 -178.435543 
781.000010 9.601896e-01 75.013394 0.176980 162.303228 
782.000010 1.075405e+00 57.168145 0.078224 138.592424 
783.000010 1.139437e+00 38.601814 0.023340 105.429736 
784.000010 1.158646e+00 19.930313 0.006875 49.217215 
785.000010 1.159766e+00 1.102455 0.005915 1.199020 
786.000010 1.158850e+00 -18.731488 0.006700 8.399062 
787.000010 1.130020e+00 -40.887638 0.031412 29.957746 
788.000010 9.938598e-01 -65.986144 0.148120 19.348323 
789.000010 7.175880e-01 -92.014069 0.384925 -1.764405 
790.000010 4.278412e-01 -115.065874 0.633279 -22.718833 
791.000010 2.332964e-01 -133.201112 0.800032 -39.825992 
792.000010 1.268697e-01 -146.974478 0.891255 -53.057217 
793.000010 7.149576e-02 -157.601194 0.938718 -63.391653 
794.000010 4.218617e-02 -166.067278 0.963840 -71.705866 
795.000010 2.604936e-02 -173.035502 0.977672 -78.606571 
796.000010 1.676823e-02 -178.935953 0.985627 -84.492881 
797.000010 1.120264e-02 175.948823 0.990398 -89.629172 
798.000010 7.736026e-03 171.428143 0.993369 -94.194943 
799.000010 5.502261e-03 167.369415 0.995284 -98.315620 
800.000010 4.018748e-03 163.677750 0.996555 -102.081341 
801.000010 3.006612e-03 160.283440 0.997423 -105.558578 
802.000010 2.299262e-03 157.134057 0.998029 -108.797496 
803.000010 1.794141e-03 154.189343 0.998462 -111.836738 
804.000010 1.426377e-03 151.417805 0.998777 -114.706623 
805.000010 1.153915e-03 148.794400 0.999011 -117.431324 
806.000010 9.488741e-04 146.298918 0.999187 -120.030398 
807.000010 7.923953e-04 143.914833 0.999321 -122.519876 
808.000010 6.714840e-04 141.628465 0.999424 -124.913056 
809.000010 5.770348e-04 139.428370 0.999505 -127.221085 
810.000010 5.025708e-04 137.304876 0.999569 -129.453404 
811.000010 4.434210e-04 135.249729 0.999620 -131.618083 
812.000010 3.961766e-04 133.255826 0.999660 -133.722080 
813.000010 3.583248e-04 131.317003 0.999693 -135.771445 
814.000010 3.279984e-04 129.427865 0.999719 -137.771480 
815.000010 3.038037e-04 127.583655 0.999740 -139.726869 
816.000010 2.847008e-04 125.780144 0.999756 -141.641787 
817.000010 2.699192e-04 124.013539 0.999769 -143.519981 
818.000010 2.588998e-04 122.280411 0.999778 -145.364851 
819.000010 2.512560e-04 120.577628 0.999785 -147.179507 
820.000010 2.467482e-04 118.902299 0.999789 -148.966827 
821.000010 2.452711e-04 117.251721 0.999790 -150.729512 
822.000010 2.468520e-04 115.623333 0.999788 -152.470134 
823.000010 2.516608e-04 114.014660 0.999784 -154.191186 
824.000010 2.600343e-04 112.423261 0.999777 -155.895139 
825.000010 2.725201e-04 110.846668 0.999766 -157.584511 
826.000010 2.899491e-04 109.282303 0.999751 -159.261946 
827.000010 3.135541e-04 107.727375 0.999731 -160.930330 
828.000010 3.451640e-04 106.178735 0.999704 -162.592944 
829.000010 3.875299e-04 104.632651 0.999668 -164.253701 
830.000010 4.448949e-04 103.084470 0.999619 -165.917517 
831.000010 5.240302e-04 101.528055 0.999551 -167.590910 
832.000010 6.362344e-04 99.954805 0.999455 -169.283057 
833.000010 8.014634e-04 98.351853 0.999313 -171.007736 
834.000010 1.057640e-03 96.698462 0.999093 -172.787205 
835.000010 1.484150e-03 94.958117 0.998728 -174.660720 
836.000010 2.270867e-03 93.058806 0.998054 -176.705783 
837.000010 3.970504e-03 90.834025 0.996597 -179.101712 
838.000010 8.806929e-03 87.788372 0.992451 177.617643 
839.000010 3.427425e-02 81.492878 0.970622 170.831078 
840.000010 1.159763e+00 -0.003297 0.005917 -0.045984 
841.000010 3.443127e-02 -81.466718 0.970487 -170.802852 
842.000010 8.889553e-03 -87.751691 0.992380 -177.578125 
843.000010 4.026106e-03 -90.780760 0.996549 179.159080 
844.000010 2.312683e-03 -92.982381 0.998018 176.788081 
845.000010 1.517612e-03 -94.851822 0.998699 174.775162 
846.000010 1.085482e-03 -96.555473 0.999070 172.941119 
847.000010 8.252427e-04 -98.165219 0.999293 171.208577 
848.000010 6.569120e-04 -99.717424 0.999437 169.538430 
849.000010 5.422299e-04 -101.232645 0.999535 167.908598 
850.000010 4.610335e-04 -102.723544 0.999605 166.305507 
851.000010 4.018862e-04 -104.198483 0.999656 164.720219 
852.000010 3.579185e-04 -105.663326 0.999693 163.146486 
853.000010 3.248118e-04 -107.122412 0.999722 161.579704 
854.000010 2.997514e-04 -108.579117 0.999743 160.016313 
855.000010 2.808510e-04 -110.036187 0.999759 158.453433 
856.000010 2.668210e-04 -111.495952 0.999771 156.888633 
857.000010 2.567701e-04 -112.960472 0.999780 155.319784 
858.000010 2.500828e-04 -114.431625 0.999786 153.744954 
859.000010 2.463421e-04 -115.911180 0.999789 152.162334 
860.000010 2.452804e-04 -117.400851 0.999790 150.570184 
861.000010 2.467482e-04 -118.902330 0.999789 148.966793 
862.000010 2.506956e-04 -120.417329 0.999785 147.350440 
863.000010 2.571614e-04 -121.947600 0.999780 145.719368 
864.000010 2.662709e-04 -123.494968 0.999772 144.071757 
865.000010 2.782373e-04 -125.061352 0.999762 142.405695 
866.000010 2.933711e-04 -126.648794 0.999749 140.719155 
867.000010 3.120935e-04 -128.259485 0.999732 139.009968 
868.000010 3.349580e-04 -129.895797 0.999713 137.275793 
869.000010 3.626800e-04 -131.560311 0.999689 135.514080 
870.000010 3.961774e-04 -133.255863 0.999660 133.722042 
871.000010 4.366261e-04 -134.985582 0.999626 131.896601 
872.000010 4.855345e-04 -136.752947 0.999584 130.034348 
873.000010 5.448456e-04 -138.561846 0.999533 128.131473 
874.000010 6.170762e-04 -140.416654 0.999471 126.183701 
875.000010 7.055093e-04 -142.322323 0.999395 124.186199 
876.000010 8.144611e-04 -144.284492 0.999302 122.133471 
877.000010 9.496576e-04 -146.309631 0.999186 120.019226 
878.000010 1.118770e-03 -148.405208 0.999041 117.836212 
879.000010 1.332183e-03 -150.579915 0.998858 115.576007 
880.000010 1.604121e-03 -152.843939 0.998625 113.228759 
881.000010 1.954305e-03 -155.209328 0.998325 110.782839 
882.000010 2.410450e-03 -157.690458 0.997934 108.224402 
883.000010 3.012066e-03 -160.304655 0.997418 105.536800 
884.000010 3.816362e-03 -163.073021 0.996729 102.699806 
885.000010 4.907574e-03 -166.021566 0.995794 99.688553 
886.000010 6.412013e-03 -169.182760 0.994504 96.472079 
887.000010 8.522820e-03 -172.597712 0.992695 93.011302 
888.000010 1.154161e-02 -176.319272 0.990107 89.256136 
889.000010 1.595009e-02 179.583488 0.986328 85.141349 
890.000010 2.253586e-02 175.018697 0.980684 80.580508 
891.000010 3.261744e-02 169.861957 0.972042 75.457116 
892.000010 4.845108e-02 163.941977 0.958470 69.611670 
893.000010 7.395943e-02 157.019965 0.936606 62.823540 
894.000010 1.159658e-01 148.762731 0.900601 54.788608 
895.000010 1.859162e-01 138.717720 0.840643 45.103021 
896.000010 3.006934e-01 126.326338 0.742263 33.294499 
897.000010 4.765662e-01 111.078521 0.591515 19.017100 
898.000010 7.058546e-01 92.957832 0.394982 2.595963 
899.000010 9.309892e-01 73.008356 0.202009 -14.124807 
900.000010 1.080849e+00 53.115070 0.073558 -27.083561 
901.000010 1.144175e+00 34.745159 0.019279 -28.175188 
902.000010 1.158982e+00 18.214659 0.006587 -7.584417 
903.000010 1.159782e+00 3.080836 0.005901 2.322980 
904.000010 1.159821e+00 -11.270657 0.005868 -21.270421 
905.000010 1.156221e+00 -25.318452 0.008954 -68.024008 
906.000010 1.137998e+00 -39.293886 0.024573 -106.974555 
907.000010 1.093996e+00 -53.160798 0.062289 -132.511587 
908.000010 1.020389e+00 -66.672268 0.125381 -151.737296 
909.000010 9.238108e-01 -79.499129 0.208162 -167.738307 
910.000010 8.175124e-01 -91.371877 0.299275 178.435239 
911.000010 7.144207e-01 -102.160663 0.387639 166.347974 
912.000010 6.228289e-01 -111.873656 0.466147 155.720635 
913.000010 5.460794e-01 -120.610415 0.531932 146.311031 
914.000010 4.842230e-01 -128.512085 0.584952 137.897304 
915.000010 4.357459e-01 -135.727355 0.626504 130.282420 
916.000010 3.986872e-01 -142.394936 0.658268 123.297404 
917.000010 3.711943e-01 -148.637113 0.681833 116.800415 
918.000010 3.517351e-01 -154.559178 0.698513 110.673272 
919.000010 3.391413e-01 -160.251432 0.709307 104.817135 
920.000010 3.325851e-01 -165.792018 0.714927 99.148326 
921.000010 3.315365e-01 -171.249753 0.715826 93.594669 
922.000010 3.357211e-01 -176.686669 0.712239 88.092483 
923.000010 3.450858e-01 177.839863 0.704212 82.584194 
924.000010 3.597703e-01 172.275427 0.691625 77.016529 
925.000010 3.800809e-01 166.567303 0.674216 71.339297 
926.000010 4.064600e-01 160.663692 0.651606 65.504784 
927.000010 4.394400e-01 154.513552 0.623337 59.467910 
928.000010 4.795691e-01 148.067222 0.588941 53.187365 
929.000010 5.272928e-01 141.278071 0.548035 46.628070 
930.000010 5.827782e-01 134.105468 0.500476 39.765358 
931.000010 6.456784e-01 126.519208 0.446561 32.591283 
932.000010 7.148669e-01 118.505261 0.387257 25.123303 
933.000010 7.882206e-01 110.072055 0.324382 17.415274 
934.000010 8.625795e-01 101.255662 0.260646 9.570399 
935.000010 9.340215e-01 92.121582 0.199410 1.756201 
936.000010 9.984954e-01 82.760905 0.144147 -5.776144 
937.000010 1.052667e+00 73.280189 0.097714 -12.660127 
938.000010 1.094659e+00 63.786905 0.061721 -18.352315 
939.000010 1.124364e+00 54.374481 0.036260 -22.015964 
940.000010 1.143228e+00 45.111212 0.020090 -22.368964 
941.000010 1.153667e+00 36.035448 0.011143 -17.858529 
942.000010 1.158388e+00 27.156892 0.007096 -8.503507 
943.000010 1.159846e+00 18.462044 0.005847 1.063499 
944.000010 1.159917e+00 9.921465 0.005785 4.935659 
945.000010 1.159768e+00 1.497117 0.005913 1.385501 
946.000010 1.159850e+00 -6.851141 0.005843 -9.178974 
947.000010 1.159974e+00 -15.160158 0.005736 -26.555025 
948.000010 1.159421e+00 -23.459189 0.006211 -49.897310 
949.000010 1.157092e+00 -31.766635 0.008207 -75.553936 
950.000010 1.151692e+00 -40.087903 0.012835 -98.792079 
951.000010 1.141951e+00 -48.414587 0.021185 -117.879240 
952.000010 1.126852e+00 -56.725216 0.034127 -133.518847 
953.000010 1.105837e+00 -64.987647 0.052139 -146.798760 
954.000010 1.078938e+00 -73.162915 0.075196 -158.502381 
955.000010 1.046789e+00 -81.209932 0.102752 -169.108354 
956.000010 1.010533e+00 -89.090243 0.133829 -178.898954 
957.000010 9.716346e-01 -96.771994 0.167170 171.956796 
958.000010 9.316679e-01 -104.232548 0.201428 163.352364 
959.000010 8.921276e-01 -111.459577 0.235319 155.214660 
960.000010 8.542991e-01 -118.450802 0.267744 147.487957 
961.000010 8.191943e-01 -125.212799 0.297833 140.125358 
962.000010 7.875452e-01 -131.759313 0.324961 133.084532 
963.000010 7.598346e-01 -138.109454 0.348713 126.325777 
964.000010 7.363448e-01 -144.286048 0.368847 119.811273 
965.000010 7.172104e-01 -150.314248 0.385248 113.504893 
966.000010 7.024667e-01 -156.220463 0.397886 107.372223 
967.000010 6.920878e-01 -162.031571 0.406782 101.380638 
968.000010 6.860161e-01 -167.774370 0.411986 95.499375 
969.000010 6.841804e-01 -173.475206 0.413560 89.699590 
970.000010 6.865069e-01 -179.159712 0.411566 83.954415 
971.000010 6.929215e-01 175.147390 0.406067 78.239051 
972.000010 7.033471e-01 169.422470 0.397131 72.530921 
973.000010 7.176933e-01 163.643205 0.384834 66.809922 
974.000010 7.358425e-01 157.788850 0.369278 61.058812 
975.000010 7.576303e-01 151.840591 0.350603 55.263768 
976.000010 7.828230e-01 145.781998 0.329009 49.415147 
977.000010 8.110936e-01 139.599578 0.304777 43.508479 
978.000010 8.419989e-01 133.283399 0.278287 37.545739 
979.000010 8.749633e-01 126.827744 0.250031 31.536908 
980.000010 9.092737e-01 120.231722 0.220623 25.501889 
981.000010 9.440920e-01 113.499724 0.190778 19.472857 
982.000010 9.784894e-01 106.641608 0.161295 13.497220 
983.000010 1.011503e+00 99.672508 0.132998 7.641555 
984.000010 1.042210e+00 92.612173 0.106677 1.997164 
985.000010 1.069814e+00 85.483844 0.083017 -3.311604 
986.000010 1.093717e+00 78.312736 0.062529 -8.114571 
987.000010 1.113576e+00 71.124291 0.045506 -12.176382 
988.000010 1.129329e+00 63.942410 0.032003 -15.169957 
989.000010 1.141175e+00 56.787911 0.021850 -16.650839 
990.000010 1.149531e+00 49.677355 0.014688 -16.072596 
991.000010 1.154965e+00 42.622384 0.010030 -12.963034 
992.000010 1.158121e+00 35.629541 0.007325 -7.440535 
993.000010 1.159647e+00 28.700553 0.006017 -0.859208 
994.000010 1.160139e+00 21.832937 0.005595 4.509157 
995.000010 1.160097e+00 15.020838 0.005631 6.923478 
996.000010 1.159894e+00 8.255978 0.005805 5.855047 
997.000010 1.159768e+00 1.528643 0.005913 1.447388 
998.000010 1.159818e+00 -5.171365 0.005871 -6.098740 
999.000010 1.160006e+00 -11.853835 0.005709 -16.755087 
1000.000010 1.160177e+00 -18.527355 0.005562 -30.585799 
