lamdapeak	 Rpeak
402.250010 0.723705 
404.050010 0.722734 
405.490010 0.723579 
406.660010 0.723246 
407.650010 0.723268 
408.640010 0.719741 
409.450010 0.723830 
410.260010 0.723879 
410.980010 0.721251 
411.700010 0.722500 
412.420010 0.721503 
413.050010 0.723844 
413.680010 0.723232 
414.310010 0.714002 
414.850010 0.723933 
415.390010 0.721370 
415.930010 0.719701 
416.470010 0.722418 
417.010010 0.723231 
417.460010 0.708597 
418.000010 0.723675 
418.450010 0.718732 
418.900010 0.705669 
419.440010 0.711384 
419.890010 0.711655 
420.340010 0.704923 
420.700010 0.712623 
421.150010 0.722992 
421.600010 0.718951 
421.960010 0.711485 
422.410010 0.722424 
422.770010 0.713043 
423.220010 0.715009 
423.580010 0.723838 
423.940010 0.714208 
424.390010 0.694173 
424.750010 0.709553 
425.110010 0.716519 
425.470010 0.719073 
425.830010 0.718992 
426.190010 0.716224 
426.550010 0.708887 
426.910010 0.692890 
427.180010 0.706102 
427.540010 0.721201 
427.900010 0.722073 
428.260010 0.698739 
428.530010 0.713452 
428.890010 0.722424 
429.250010 0.682694 
429.520010 0.723199 
429.880010 0.697850 
430.150010 0.721995 
430.510010 0.693695 
430.780010 0.723815 
431.050010 0.688132 
431.410010 0.718972 
431.680010 0.717396 
432.040010 0.680300 
432.310010 0.718843 
432.580010 0.721464 
432.850010 0.696461 
433.210010 0.692911 
433.480010 0.717463 
433.750010 0.723942 
434.020010 0.718144 
434.290010 0.703459 
434.560010 0.682417 
434.920010 0.675306 
435.190010 0.691126 
435.460010 0.700708 
435.730010 0.706118 
436.000010 0.708586 
436.270010 0.708701 
436.540010 0.706496 
436.810010 0.701452 
437.080010 0.692436 
437.350010 0.677526 
437.530010 0.663030 
437.800010 0.687198 
438.070010 0.706977 
438.340010 0.720018 
438.610010 0.723807 
438.880010 0.714817 
439.150010 0.686877 
439.330010 0.672630 
439.600010 0.711373 
439.870010 0.723937 
440.140010 0.707620 
440.320010 0.649475 
440.590010 0.709314 
440.860010 0.723282 
441.130010 0.689725 
441.310010 0.688647 
441.580010 0.723740 
441.850010 0.696514 
442.030010 0.687431 
442.300010 0.723923 
442.570010 0.679218 
442.750010 0.706941 
443.020010 0.716852 
443.200010 0.660326 
443.470010 0.723785 
443.740010 0.670023 
443.920010 0.716412 
444.190010 0.696445 
444.370010 0.704563 
444.640010 0.707883 
444.820010 0.695451 
445.090010 0.711371 
445.270010 0.693620 
445.540010 0.709262 
445.720010 0.699921 
445.990010 0.700152 
446.170010 0.711289 
446.440010 0.678411 
446.620010 0.721613 
446.890010 0.631591 
447.070010 0.722557 
447.250010 0.679186 
447.520010 0.702002 
447.700010 0.716380 
447.970010 0.635998 
448.150010 0.721145 
448.330010 0.694791 
448.600010 0.673744 
448.780010 0.723931 
448.960010 0.679532 
449.230010 0.682267 
449.410010 0.723946 
449.590010 0.682839 
449.860010 0.669527 
450.040010 0.722583 
450.220010 0.702053 
450.490010 0.623946 
450.670010 0.709638 
450.850010 0.721275 
451.030010 0.671973 
451.300010 0.658245 
451.480010 0.716676 
451.660010 0.719117 
451.840010 0.670962 
452.110010 0.644329 
452.290010 0.708650 
452.470010 0.723681 
452.650010 0.700069 
452.830010 0.630702 
453.100010 0.665668 
453.280010 0.712330 
453.460010 0.723787 
453.640010 0.706900 
453.820010 0.658951 
454.090010 0.617281 
454.270010 0.682793 
454.450010 0.714757 
454.630010 0.723944 
454.810010 0.714660 
454.990010 0.687063 
455.170010 0.638119 
455.440010 0.611482 
455.620010 0.666513 
455.800010 0.699474 
455.980010 0.717233 
456.160010 0.723770 
456.340010 0.721290 
456.520010 0.710910 
456.700010 0.693076 
456.880010 0.667835 
457.060010 0.635052 
457.240010 0.594616 
457.510010 0.606111 
457.690010 0.637994 
457.870010 0.661579 
458.050010 0.678993 
458.230010 0.691789 
458.410010 0.701112 
458.590010 0.707819 
458.770010 0.712562 
458.950010 0.715839 
459.130010 0.718033 
459.310010 0.719433 
459.490010 0.720244 
459.670010 0.720599 
459.850010 0.720559 
460.030010 0.720117 
460.210010 0.719198 
460.390010 0.717659 
460.570010 0.715280 
460.750010 0.711760 
460.930010 0.706704 
461.110010 0.699598 
461.290010 0.689774 
461.470010 0.676353 
461.650010 0.658165 
461.830010 0.633625 
462.010010 0.600570 
462.280010 0.600356 
462.460010 0.639384 
462.640010 0.670915 
462.820010 0.695084 
463.000010 0.712034 
463.180010 0.721710 
463.360010 0.723667 
463.540010 0.716810 
463.720010 0.699006 
463.900010 0.666448 
464.080010 0.612637 
464.350010 0.635302 
464.530010 0.684555 
464.710010 0.713019 
464.890010 0.723798 
465.070010 0.717106 
465.250010 0.689522 
465.430010 0.632138 
465.700010 0.643670 
465.880010 0.698478 
466.060010 0.722008 
466.240010 0.718842 
466.420010 0.685497 
466.600010 0.607384 
466.870010 0.679016 
467.050010 0.718371 
467.230010 0.720546 
467.410010 0.683572 
467.680010 0.617200 
467.860010 0.698447 
468.040010 0.723859 
468.220010 0.703508 
468.400010 0.622388 
468.670010 0.691745 
468.850010 0.723762 
469.030010 0.700419 
469.300010 0.615931 
469.480010 0.706646 
469.660010 0.721902 
469.840010 0.669251 
470.110010 0.677241 
470.290010 0.723469 
470.470010 0.694651 
470.740010 0.655049 
470.920010 0.721323 
471.100010 0.701054 
471.370010 0.653563 
471.550010 0.722114 
471.730010 0.694429 
472.000010 0.673616 
472.180010 0.723938 
472.360010 0.668768 
472.630010 0.702978 
472.810010 0.716408 
473.080010 0.641232 
473.260010 0.722902 
473.440010 0.677597 
473.710010 0.705947 
473.890010 0.710514 
474.160010 0.674535 
474.340010 0.722244 
474.610010 0.636539 
474.790010 0.723772 
474.970010 0.652602 
475.240010 0.721537 
475.420010 0.669210 
475.690010 0.719549 
475.870010 0.674240 
476.140010 0.719755 
476.320010 0.669547 
476.590010 0.721971 
476.770010 0.653466 
477.040010 0.723914 
477.310010 0.650345 
477.490010 0.721299 
477.760010 0.686724 
477.940010 0.707351 
478.210010 0.713757 
478.390010 0.670382 
478.660010 0.723924 
478.930010 0.678623 
479.110010 0.707041 
479.380010 0.718954 
479.650010 0.645384 
479.830010 0.717151 
480.100010 0.713969 
480.280010 0.651859 
480.550010 0.717088 
480.820010 0.717267 
481.090010 0.660528 
481.270010 0.706791 
481.540010 0.723647 
481.810010 0.698052 
481.990010 0.669940 
482.260010 0.715250 
482.530010 0.723041 
482.800010 0.701646 
482.980010 0.654544 
483.250010 0.702800 
483.520010 0.722051 
483.790010 0.721513 
484.060010 0.704898 
484.330010 0.673064 
484.510010 0.679354 
484.780010 0.705512 
485.050010 0.718948 
485.320010 0.723762 
485.590010 0.722589 
485.860010 0.717311 
486.130010 0.709442 
486.400010 0.700318 
486.670010 0.691171 
486.940010 0.683120 
487.210010 0.677108 
487.480010 0.673831 
487.750010 0.673664 
488.020010 0.676620 
488.290010 0.682354 
488.560010 0.690198 
488.830010 0.699234 
489.100010 0.708374 
489.370010 0.716418 
489.640010 0.722077 
489.910010 0.723912 
490.180010 0.720175 
490.450010 0.708476 
490.720010 0.685175 
491.080010 0.689990 
491.350010 0.714386 
491.620010 0.723865 
491.890010 0.716658 
492.160010 0.687471 
492.520010 0.703343 
492.790010 0.723231 
493.060010 0.715091 
493.420010 0.678123 
493.690010 0.718812 
493.960010 0.719174 
494.320010 0.679135 
494.590010 0.721510 
494.860010 0.711387 
495.220010 0.705111 
495.490010 0.722419 
495.850010 0.686043 
496.120010 0.723947 
496.390010 0.683777 
496.750010 0.723889 
497.110010 0.681609 
497.380010 0.723653 
497.740010 0.698777 
498.010010 0.718432 
498.370010 0.717454 
498.640010 0.696186 
499.000010 0.723242 
499.360010 0.713963 
499.630010 0.695318 
499.990010 0.720648 
500.350010 0.722344 
500.710010 0.707303 
500.980010 0.695023 
501.340010 0.714480 
501.700010 0.722541 
502.060010 0.723819 
502.420010 0.721432 
502.780010 0.717694 
503.140010 0.714347 
503.500010 0.712574 
503.860010 0.712931 
504.220010 0.715305 
504.580010 0.718924 
504.940010 0.722431 
505.300010 0.723940 
505.660010 0.720985 
506.020010 0.710197 
506.470010 0.702157 
506.830010 0.720209 
507.190010 0.722880 
507.550010 0.704764 
508.000010 0.718700 
508.360010 0.721086 
508.810010 0.707231 
509.170010 0.723543 
509.620010 0.705590 
509.980010 0.722647 
510.430010 0.715716 
510.790010 0.713563 
511.240010 0.723944 
511.690010 0.717135 
512.050010 0.702816 
512.500010 0.716541 
512.950010 0.722068 
513.400010 0.723693 
513.850010 0.723936 
514.300010 0.723915 
514.750010 0.723433 
515.200010 0.720978 
515.650010 0.713613 
516.190010 0.712604 
516.640010 0.723221 
517.090010 0.719552 
517.630010 0.716759 
518.080010 0.722295 
518.620010 0.718778 
519.070010 0.716638 
519.610010 0.723834 
520.150010 0.722088 
520.690010 0.718070 
521.230010 0.715907 
521.770010 0.717244 
522.310010 0.721079 
522.850010 0.723920 
523.390010 0.719927 
524.020010 0.719593 
524.560010 0.721805 
525.190010 0.722917 
525.820010 0.716928 
526.360010 0.714747 
526.990010 0.714954 
527.710010 0.718264 
528.340010 0.723599 
528.970010 0.719779 
529.690010 0.723866 
530.410010 0.721645 
531.130010 0.721194 
531.850010 0.723438 
532.570010 0.722234 
533.380010 0.723472 
534.190010 0.722167 
535.000010 0.723553 
535.810010 0.721933 
536.710010 0.723846 
537.610010 0.723207 
538.600010 0.722730 
539.590010 0.722732 
540.580010 0.723221 
541.660010 0.722603 
542.830010 0.723803 
544.090010 0.723174 
545.350010 0.723052 
546.790010 0.723758 
548.410010 0.723048 
550.120010 0.723671 
552.190010 0.723853 
554.800010 0.723902 
558.760010 0.723909 
567.400010 0.723894 
571.450010 0.723870 
574.150010 0.723907 
576.310010 0.723795 
578.110010 0.722894 
579.820010 0.723874 
581.350010 0.723407 
582.700010 0.722977 
584.050010 0.723915 
585.310010 0.723158 
586.480010 0.723597 
587.560010 0.722473 
588.640010 0.722460 
589.720010 0.723627 
590.710010 0.723943 
591.700010 0.722842 
592.600010 0.723296 
593.500010 0.721851 
594.400010 0.723188 
595.300010 0.723119 
596.110010 0.723133 
596.920010 0.720888 
597.730010 0.721307 
598.540010 0.723660 
599.350010 0.721671 
600.070010 0.723285 
600.790010 0.718210 
601.600010 0.718607 
602.320010 0.718523 
602.950010 0.717044 
603.670010 0.722498 
604.390010 0.723058 
605.020010 0.719373 
605.740010 0.722005 
606.370010 0.723716 
607.000010 0.720699 
607.630010 0.717326 
608.260010 0.716196 
608.890010 0.718033 
609.520010 0.721618 
610.150010 0.723941 
610.780010 0.720266 
611.320010 0.718637 
611.950010 0.723445 
612.490010 0.716928 
613.120010 0.722050 
613.660010 0.722721 
614.200010 0.713547 
614.830010 0.718732 
615.370010 0.722869 
615.910010 0.723910 
616.450010 0.723881 
616.990010 0.723844 
617.530010 0.723948 
618.070010 0.723433 
618.610010 0.720628 
619.150010 0.712817 
619.600010 0.717256 
620.140010 0.723802 
620.680010 0.719107 
621.130010 0.716113 
621.670010 0.723705 
622.120010 0.708322 
622.660010 0.723943 
623.110010 0.709589 
623.650010 0.723100 
624.100010 0.718540 
624.640010 0.714579 
625.090010 0.723808 
625.540010 0.719801 
625.990010 0.705953 
626.530010 0.717711 
626.980010 0.723122 
627.430010 0.723779 
627.880010 0.721775 
628.330010 0.718714 
628.780010 0.715837 
629.230010 0.714023 
629.680010 0.713759 
630.130010 0.715110 
630.580010 0.717718 
631.030010 0.720825 
631.480010 0.723322 
631.930010 0.723760 
632.380010 0.720285 
632.830010 0.710413 
633.190010 0.709957 
633.640010 0.721638 
634.090010 0.723124 
634.540010 0.710814 
634.900010 0.714866 
635.350010 0.723930 
635.800010 0.711432 
636.160010 0.717533 
636.610010 0.722275 
636.970010 0.704146 
637.420010 0.723934 
637.870010 0.704054 
638.230010 0.723409 
638.680010 0.705684 
639.040010 0.723634 
639.490010 0.699724 
639.850010 0.723787 
640.210010 0.708643 
640.660010 0.719307 
641.020010 0.720816 
641.470010 0.701195 
641.830010 0.722720 
642.190010 0.718589 
642.640010 0.700328 
643.000010 0.721081 
643.360010 0.722444 
643.720010 0.707569 
644.170010 0.708430 
644.530010 0.721799 
644.890010 0.723300 
645.250010 0.715275 
645.610010 0.698937 
646.060010 0.707667 
646.420010 0.718381 
646.780010 0.723189 
647.140010 0.723740 
647.500010 0.721268 
647.860010 0.716773 
648.220010 0.711117 
648.580010 0.705073 
648.940010 0.699333 
649.300010 0.694495 
649.750010 0.691972 
650.110010 0.693184 
650.470010 0.692599 
650.740010 0.691464 
651.100010 0.695144 
651.460010 0.700133 
651.820010 0.705931 
652.180010 0.711931 
652.540010 0.717441 
652.900010 0.721697 
653.260010 0.723850 
653.620010 0.722913 
653.980010 0.717668 
654.340010 0.706486 
654.610010 0.689537 
654.970010 0.709007 
655.330010 0.720710 
655.690010 0.723813 
656.050010 0.716707 
656.410010 0.696346 
656.680010 0.706992 
657.040010 0.722111 
657.400010 0.721720 
657.760010 0.703128 
658.030010 0.704809 
658.390010 0.722817 
658.750010 0.718537 
659.110010 0.687591 
659.380010 0.717417 
659.740010 0.722439 
660.100010 0.696201 
660.370010 0.715114 
660.730010 0.722487 
661.090010 0.691840 
661.360010 0.718652 
661.720010 0.718834 
661.990010 0.693599 
662.350010 0.723620 
662.710010 0.704291 
662.980010 0.714995 
663.340010 0.719056 
663.610010 0.698404 
663.970010 0.723721 
664.330010 0.684972 
664.600010 0.723265 
664.960010 0.698071 
665.230010 0.721029 
665.590010 0.704510 
665.860010 0.719240 
666.220010 0.706462 
666.490010 0.719082 
666.850010 0.704617 
667.120010 0.720644 
667.480010 0.698347 
667.750010 0.722926 
668.110010 0.685579 
668.380010 0.723904 
668.650010 0.692037 
669.010010 0.720521 
669.280010 0.710105 
669.640010 0.708320 
669.910010 0.721853 
670.270010 0.680183 
670.540010 0.722513 
670.810010 0.708354 
671.170010 0.705250 
671.440010 0.723509 
671.710010 0.691881 
672.070010 0.714933 
672.340010 0.721098 
672.610010 0.681514 
672.970010 0.717416 
673.240010 0.720425 
673.510010 0.682419 
673.870010 0.715191 
674.140010 0.722438 
674.410010 0.694108 
674.770010 0.706070 
675.040010 0.723888 
675.310010 0.710691 
675.670010 0.682425 
675.940010 0.717421 
676.210010 0.722834 
676.480010 0.702163 
676.840010 0.689912 
677.110010 0.718570 
677.380010 0.723012 
677.650010 0.705986 
678.010010 0.678287 
678.280010 0.711728 
678.550010 0.723698 
678.820010 0.718199 
679.090010 0.695500 
679.450010 0.685648 
679.720010 0.712578 
679.990010 0.723358 
680.260010 0.720945 
680.530010 0.706131 
680.800010 0.678037 
681.160010 0.694483 
681.430010 0.714156 
681.700010 0.722965 
681.970010 0.722848 
682.240010 0.714704 
682.510010 0.698701 
682.780010 0.674453 
683.140010 0.688593 
683.410010 0.706568 
683.680010 0.717533 
683.950010 0.722936 
684.220010 0.723757 
684.490010 0.720665 
684.760010 0.714124 
685.030010 0.704474 
685.300010 0.691983 
685.570010 0.676892 
685.930010 0.671824 
686.200010 0.685721 
686.470010 0.696348 
686.740010 0.704399 
687.010010 0.710416 
687.280010 0.714834 
687.550010 0.718005 
687.820010 0.720214 
688.090010 0.721697 
688.360010 0.722648 
688.630010 0.723224 
688.900010 0.723548 
689.170010 0.723714 
689.440010 0.723784 
689.710010 0.723792 
689.980010 0.723741 
690.250010 0.723606 
690.520010 0.723334 
690.790010 0.722841 
691.060010 0.722013 
691.330010 0.720707 
691.600010 0.718743 
691.870010 0.715903 
692.140010 0.711925 
692.410010 0.706489 
692.680010 0.699203 
692.950010 0.689579 
693.220010 0.677002 
693.490010 0.660683 
693.670010 0.676444 
693.940010 0.691435 
694.210010 0.703889 
694.480010 0.713580 
694.750010 0.720262 
695.020010 0.723622 
695.290010 0.723239 
695.560010 0.718510 
695.830010 0.708556 
696.100010 0.692091 
696.370010 0.667220 
696.550010 0.678311 
696.820010 0.700999 
697.090010 0.715832 
697.360010 0.723141 
697.630010 0.722737 
697.900010 0.713747 
698.170010 0.694346 
698.440010 0.661303 
698.620010 0.687877 
698.890010 0.711392 
699.160010 0.722679 
699.430010 0.722205 
699.700010 0.708872 
699.970010 0.679510 
700.150010 0.675781 
700.420010 0.707784 
700.690010 0.722489 
700.960010 0.721330 
701.230010 0.702882 
701.500010 0.662036 
701.680010 0.693701 
701.950010 0.718670 
702.220010 0.723237 
702.490010 0.707128 
702.760010 0.664860 
702.940010 0.694288 
703.210010 0.720199 
703.480010 0.721670 
703.750010 0.697626 
703.930010 0.662468 
704.200010 0.708943 
704.470010 0.723927 
704.740010 0.710686 
705.010010 0.662964 
705.190010 0.699526 
705.460010 0.723106 
705.730010 0.714399 
706.000010 0.668210 
706.180010 0.698054 
706.450010 0.723281 
706.720010 0.712120 
706.990010 0.657714 
707.170010 0.705388 
707.440010 0.723923 
707.710010 0.701815 
707.890010 0.666702 
708.160010 0.716925 
708.430010 0.719949 
708.700010 0.675241 
708.880010 0.698103 
709.150010 0.723919 
709.420010 0.700968 
709.600010 0.672706 
709.870010 0.720418 
710.140010 0.713784 
710.410010 0.646176 
710.590010 0.714004 
710.860010 0.719603 
711.130010 0.664108 
711.310010 0.708091 
711.580010 0.721849 
711.850010 0.672061 
712.030010 0.705043 
712.300010 0.722340 
712.570010 0.672247 
712.750010 0.705955 
713.020010 0.721581 
713.290010 0.664742 
713.470010 0.710493 
713.740010 0.718829 
714.010010 0.647521 
714.190010 0.716960 
714.460010 0.712024 
714.640010 0.664271 
714.910010 0.722540 
715.180010 0.697457 
715.360010 0.690468 
715.630010 0.723457 
715.900010 0.668778 
716.080010 0.711772 
716.350010 0.714619 
716.530010 0.662523 
716.800010 0.723231 
717.070010 0.688072 
717.250010 0.702424 
717.520010 0.719070 
717.700010 0.649845 
717.970010 0.722435 
718.240010 0.689569 
718.420010 0.703043 
718.690010 0.717474 
718.870010 0.659884 
719.140010 0.723742 
719.410010 0.674577 
719.590010 0.713066 
719.860010 0.707330 
720.040010 0.686601 
720.310010 0.721768 
720.490010 0.643424 
720.760010 0.723143 
721.030010 0.675794 
721.210010 0.714174 
721.480010 0.702427 
721.660010 0.696252 
721.930010 0.717014 
722.110010 0.670143 
722.380010 0.723218 
722.560010 0.636471 
722.830010 0.723398 
723.100010 0.665396 
723.280010 0.719209 
723.550010 0.686135 
723.730010 0.711940 
724.000010 0.700035 
724.180010 0.702710 
724.450010 0.709172 
724.630010 0.692562 
724.900010 0.715002 
725.080010 0.682494 
725.350010 0.718570 
725.530010 0.673442 
725.800010 0.720634 
725.980010 0.666235 
726.250010 0.721725 
726.430010 0.661527 
726.700010 0.722182 
726.880010 0.659746 
727.150010 0.722172 
727.330010 0.661052 
727.600010 0.721692 
727.780010 0.665319 
728.050010 0.720570 
728.230010 0.672150 
728.500010 0.718466 
728.680010 0.680918 
728.950010 0.714849 
729.130010 0.690826 
729.400010 0.708975 
729.580010 0.700963 
729.850010 0.699815 
730.030010 0.710359 
730.300010 0.685950 
730.480010 0.718010 
730.750010 0.665371 
730.930010 0.722855 
731.200010 0.635155 
731.380010 0.723701 
731.560010 0.656889 
731.830010 0.719063 
732.010010 0.685915 
732.280010 0.706887 
732.460010 0.707206 
732.730010 0.684062 
732.910010 0.720169 
733.180010 0.645596 
733.360010 0.723849 
733.540010 0.658836 
733.810010 0.716406 
733.990010 0.696052 
734.260010 0.694284 
734.440010 0.717569 
734.710010 0.650760 
734.890010 0.723866 
735.070010 0.662380 
735.340010 0.713217 
735.520010 0.703714 
735.790010 0.680197 
735.970010 0.722420 
736.150010 0.633816 
736.420010 0.719484 
736.600010 0.693083 
736.870010 0.690597 
737.050010 0.720542 
737.230010 0.622710 
737.500010 0.720392 
737.680010 0.692197 
737.950010 0.688605 
738.130010 0.721588 
738.310010 0.633941 
738.580010 0.717288 
738.760010 0.701536 
739.030010 0.673023 
739.210010 0.723846 
739.390010 0.662427 
739.660010 0.706088 
739.840010 0.715435 
740.110010 0.634169 
740.290010 0.720691 
740.470010 0.695868 
740.740010 0.675750 
740.920010 0.723885 
741.100010 0.667866 
741.370010 0.699673 
741.550010 0.719934 
741.730010 0.634233 
742.000010 0.712898 
742.180010 0.711867 
742.450010 0.635488 
742.630010 0.719643 
742.810010 0.702169 
743.080010 0.656911 
743.260010 0.722630 
743.440010 0.693005 
743.710010 0.669685 
743.890010 0.723668 
744.070010 0.686182 
744.340010 0.676236 
744.520010 0.723902 
744.700010 0.682981 
744.970010 0.677797 
745.150010 0.723908 
745.330010 0.683988 
745.600010 0.674670 
745.780010 0.723713 
745.960010 0.689007 
746.230010 0.666289 
746.410010 0.722803 
746.590010 0.697093 
746.860010 0.651115 
747.040010 0.720109 
747.220010 0.706702 
747.490010 0.626322 
747.670010 0.713940 
747.850010 0.715875 
748.030010 0.635062 
748.300010 0.701775 
748.480010 0.722365 
748.660010 0.668310 
748.930010 0.679764 
749.110010 0.723583 
749.290010 0.695946 
749.560010 0.641669 
749.740010 0.716226 
749.920010 0.715299 
750.100010 0.639202 
750.370010 0.695347 
750.550010 0.723801 
750.730010 0.686006 
751.000010 0.652386 
751.180010 0.717903 
751.360010 0.714546 
751.540010 0.640766 
751.810010 0.691046 
751.990010 0.723920 
752.170010 0.695318 
752.440010 0.629588 
752.620010 0.710187 
752.800010 0.721273 
752.980010 0.671688 
753.250010 0.662095 
753.430010 0.718884 
753.610010 0.715119 
753.790010 0.649172 
754.060010 0.679563 
754.240010 0.722259 
754.420010 0.709241 
754.600010 0.632956 
754.870010 0.687613 
755.050010 0.723251 
755.230010 0.706233 
755.410010 0.626863 
755.680010 0.688828 
755.860010 0.723228 
756.040010 0.707271 
756.220010 0.632331 
756.490010 0.683620 
756.670010 0.722155 
756.850010 0.711943 
757.030010 0.648008 
757.300010 0.670361 
757.480010 0.718607 
757.660010 0.718330 
757.840010 0.670165 
758.110010 0.644902 
758.290010 0.709617 
758.470010 0.723278 
758.650010 0.693721 
758.830010 0.606645 
759.100010 0.690089 
759.280010 0.722521 
759.460010 0.713291 
759.640010 0.658648 
759.910010 0.651078 
760.090010 0.710102 
760.270010 0.723527 
760.450010 0.698295 
760.630010 0.623582 
760.900010 0.676205 
761.080010 0.718109 
761.260010 0.720720 
761.440010 0.685847 
761.710010 0.601462 
761.890010 0.686424 
762.070010 0.720581 
762.250010 0.718887 
762.430010 0.681296 
762.700010 0.605284 
762.880010 0.686516 
763.060010 0.720126 
763.240010 0.719941 
763.420010 0.686508 
763.600010 0.607846 
763.870010 0.676566 
764.050010 0.716233 
764.230010 0.722823 
764.410010 0.699283 
764.590010 0.637909 
764.860010 0.652046 
765.040010 0.705201 
765.220010 0.723631 
765.400010 0.714110 
765.580010 0.674073 
765.850010 0.601656 
766.030010 0.679031 
766.210010 0.715589 
766.390010 0.723489 
766.570010 0.705694 
766.750010 0.657368 
767.020010 0.621532 
767.200010 0.687275 
767.380010 0.717952 
767.560010 0.723016 
767.740010 0.704398 
767.920010 0.657454 
768.190010 0.615683 
768.370010 0.682146 
768.550010 0.715103 
768.730010 0.723855 
768.910010 0.711138 
769.090010 0.674221 
769.270010 0.604389 
769.540010 0.660440 
769.720010 0.703776 
769.900010 0.722257 
770.080010 0.720730 
770.260010 0.699292 
770.440010 0.653532 
770.710010 0.608358 
770.890010 0.673257 
771.070010 0.708775 
771.250010 0.723141 
771.430010 0.719822 
771.610010 0.698553 
771.790010 0.655455 
772.060010 0.598407 
772.240010 0.664519 
772.420010 0.702721 
772.600010 0.720905 
772.780010 0.722914 
772.960010 0.709502 
773.140010 0.678660 
773.320010 0.625348 
773.590010 0.627449 
773.770010 0.679110 
773.950010 0.708951 
774.130010 0.722437 
774.310010 0.722141 
774.490010 0.708373 
774.670010 0.679359 
774.850010 0.631047 
775.120010 0.614269 
775.300010 0.667846 
775.480010 0.700888 
775.660010 0.718631 
775.840010 0.723940 
776.020010 0.717867 
776.200010 0.699931 
776.380010 0.668125 
776.560010 0.618736 
776.830010 0.619070 
777.010010 0.667409 
777.190010 0.698453 
777.370010 0.716380 
777.550010 0.723642 
777.730010 0.721363 
777.910010 0.709585 
778.090010 0.687328 
778.270010 0.652542 
778.450010 0.601993 
778.720010 0.625894 
778.900010 0.668119 
779.080010 0.696404 
779.260010 0.713885 
779.440010 0.722529 
779.620010 0.723397 
779.800010 0.716823 
779.980010 0.702497 
780.160010 0.679477 
780.340010 0.646152 
780.520010 0.600202 
780.790010 0.618007 
780.970010 0.658042 
781.150010 0.686482 
781.330010 0.705810 
781.510010 0.717726 
781.690010 0.723317 
781.870010 0.723188 
782.050010 0.717548 
782.230010 0.706257 
782.410010 0.688841 
782.590010 0.664488 
782.770010 0.632040 
782.950010 0.590010 
783.220010 0.615572 
783.400010 0.650535 
783.580010 0.676841 
783.760010 0.696172 
783.940010 0.709773 
784.120010 0.718537 
784.300010 0.723073 
784.480010 0.723768 
784.660010 0.720827 
784.840010 0.714299 
785.020010 0.704096 
785.200010 0.689998 
785.380010 0.671665 
785.560010 0.648637 
785.740010 0.620349 
785.920010 0.586150 
786.190010 0.604606 
786.370010 0.634193 
786.550010 0.657990 
786.730010 0.676973 
786.910010 0.691928 
787.090010 0.703473 
787.270010 0.712095 
787.450010 0.718170 
787.630010 0.721988 
787.810010 0.723767 
787.990010 0.723670 
788.170010 0.721815 
788.350010 0.718282 
788.530010 0.713120 
788.710010 0.706354 
788.890010 0.697987 
789.070010 0.688007 
789.250010 0.676389 
789.430010 0.663101 
789.610010 0.648103 
789.790010 0.631358 
789.970010 0.612832 
790.150010 0.592502 
790.420010 0.575712 
790.600010 0.596364 
790.780010 0.614337 
790.960010 0.629975 
791.140010 0.643577 
791.320010 0.655404 
791.500010 0.665682 
791.680010 0.674603 
791.860010 0.682337 
792.040010 0.689029 
792.220010 0.694806 
792.400010 0.699777 
792.580010 0.704039 
792.760010 0.707678 
792.940010 0.710769 
793.120010 0.713377 
793.300010 0.715563 
793.480010 0.717380 
793.660010 0.718876 
793.840010 0.720094 
794.020010 0.721073 
794.200010 0.721848 
794.380010 0.722452 
794.560010 0.722911 
794.740010 0.723253 
794.920010 0.723499 
795.100010 0.723671 
795.280010 0.723786 
795.460010 0.723858 
795.640010 0.723901 
795.820010 0.723924 
796.000010 0.723936 
796.180010 0.723940 
796.360010 0.723941 
796.540010 0.723937 
796.720010 0.723928 
796.900010 0.723909 
797.080010 0.723873 
797.260010 0.723810 
797.440010 0.723710 
797.620010 0.723557 
797.800010 0.723335 
797.980010 0.723025 
798.160010 0.722605 
798.340010 0.722052 
798.520010 0.721337 
798.700010 0.720432 
798.880010 0.719302 
799.060010 0.717912 
799.240010 0.716220 
799.420010 0.714182 
799.600010 0.711748 
799.780010 0.708863 
799.960010 0.705465 
800.140010 0.701485 
800.320010 0.696845 
800.500010 0.691457 
800.680010 0.685220 
800.860010 0.678020 
801.040010 0.669725 
801.220010 0.660185 
801.400010 0.649227 
801.580010 0.636648 
801.760010 0.622217 
801.940010 0.605669 
802.120010 0.586696 
802.390010 0.580843 
802.570010 0.601832 
802.750010 0.621057 
802.930010 0.638536 
803.110010 0.654297 
803.290010 0.668377 
803.470010 0.680815 
803.650010 0.691649 
803.830010 0.700908 
804.010010 0.708616 
804.190010 0.714782 
804.370010 0.719399 
804.550010 0.722439 
804.730010 0.723851 
804.910010 0.723556 
805.090010 0.721436 
805.270010 0.717331 
805.450010 0.711031 
805.630010 0.702255 
805.810010 0.690645 
805.990010 0.675740 
806.170010 0.656956 
806.350010 0.633559 
806.530010 0.604643 
806.800010 0.584671 
806.980010 0.618296 
807.160010 0.646263 
807.340010 0.669181 
807.520010 0.687588 
807.700010 0.701928 
807.880010 0.712535 
808.060010 0.719638 
808.240010 0.723348 
808.420010 0.723657 
808.600010 0.720425 
808.780010 0.713357 
808.960010 0.701976 
809.140010 0.685578 
809.320010 0.663175 
809.500010 0.633429 
809.680010 0.594584 
809.950010 0.609855 
810.130010 0.646340 
810.310010 0.674468 
810.490010 0.695479 
810.670010 0.710314 
810.850010 0.719609 
811.030010 0.723713 
811.210010 0.722681 
811.390010 0.716263 
811.570010 0.703856 
811.750010 0.684430 
811.930010 0.656415 
812.110010 0.617563 
812.380010 0.597583 
812.560010 0.642642 
812.740010 0.675825 
812.920010 0.699264 
813.100010 0.714490 
813.280010 0.722452 
813.460010 0.723558 
813.640010 0.717683 
813.820010 0.704118 
814.000010 0.681455 
814.180010 0.647398 
814.360010 0.598538 
814.630010 0.625808 
814.810010 0.667530 
814.990010 0.696127 
815.170010 0.714050 
815.350010 0.722791 
815.530010 0.722972 
815.710010 0.714370 
815.890010 0.695841 
816.070010 0.665115 
816.250010 0.618466 
816.520010 0.614938 
816.700010 0.663562 
816.880010 0.695813 
817.060010 0.715109 
817.240010 0.723443 
817.420010 0.721544 
817.600010 0.708918 
817.780010 0.683704 
817.960010 0.642318 
818.230010 0.594229 
818.410010 0.653080 
818.590010 0.691356 
818.770010 0.713868 
818.950010 0.723414 
819.130010 0.721034 
819.310010 0.706109 
819.490010 0.676157 
819.670010 0.626324 
819.940010 0.620739 
820.120010 0.673379 
820.300010 0.705287 
820.480010 0.721130 
820.660010 0.723109 
820.840010 0.711237 
821.020010 0.683249 
821.200010 0.634031 
821.470010 0.618538 
821.650010 0.674528 
821.830010 0.707291 
822.010010 0.722275 
822.190010 0.721827 
822.370010 0.705546 
822.550010 0.670065 
822.730010 0.608214 
823.000010 0.647707 
823.180010 0.693873 
823.360010 0.717770 
823.540010 0.723779 
823.720010 0.712759 
823.900010 0.682119 
824.080010 0.625030 
824.350010 0.638288 
824.530010 0.690258 
824.710010 0.716945 
824.890010 0.723797 
825.070010 0.711958 
825.250010 0.678417 
825.430010 0.615034 
825.700010 0.651001 
825.880010 0.698745 
826.060010 0.720797 
826.240010 0.722029 
826.420010 0.702367 
826.600010 0.656575 
826.870010 0.612220 
827.050010 0.679292 
827.230010 0.713716 
827.410010 0.723937 
827.590010 0.712212 
827.770010 0.675060 
827.950010 0.601991 
828.220010 0.666991 
828.400010 0.709023 
828.580010 0.723768 
828.760010 0.714922 
828.940010 0.679585 
829.120010 0.607061 
829.390010 0.666929 
829.570010 0.709913 
829.750010 0.723909 
829.930010 0.712673 
830.110010 0.672382 
830.380010 0.602050 
830.560010 0.679085 
830.740010 0.715788 
830.920010 0.723336 
831.100010 0.703703 
831.280010 0.650059 
831.550010 0.637734 
831.730010 0.698382 
831.910010 0.722444 
832.090010 0.717592 
832.270010 0.681730 
832.450010 0.601858 
832.720010 0.677944 
832.900010 0.716566 
833.080010 0.722670 
833.260010 0.697987 
833.440010 0.633002 
833.710010 0.660288 
833.890010 0.710349 
834.070010 0.723867 
834.250010 0.705477 
834.430010 0.647634 
834.700010 0.650264 
834.880010 0.706978 
835.060010 0.723946 
835.240010 0.707424 
835.420010 0.650258 
835.690010 0.650629 
835.870010 0.707944 
836.050010 0.723917 
836.230010 0.704718 
836.410010 0.641702 
836.680010 0.661249 
836.860010 0.712812 
837.040010 0.723121 
837.220010 0.696177 
837.400010 0.619449 
837.670010 0.679153 
837.850010 0.719328 
838.030010 0.719217 
838.210010 0.678247 
838.480010 0.623970 
838.660010 0.699436 
838.840010 0.723739 
839.020010 0.707921 
839.200010 0.643814 
839.470010 0.666744 
839.650010 0.716384 
839.830010 0.720880 
840.010010 0.681922 
840.280010 0.624228 
840.460010 0.701318 
840.640010 0.723937 
840.820010 0.703200 
841.000010 0.627696 
841.270010 0.681947 
841.450010 0.721349 
841.630010 0.714543 
841.810010 0.657286 
842.080010 0.661612 
842.260010 0.716171 
842.440010 0.720094 
842.620010 0.674986 
842.890010 0.643649 
843.070010 0.710775 
843.250010 0.722465 
843.430010 0.684866 
843.700010 0.631050 
843.880010 0.706943 
844.060010 0.723277 
844.240010 0.689182 
844.510010 0.625958 
844.690010 0.705780 
844.870010 0.723366 
845.050010 0.688929 
845.320010 0.629237 
845.500010 0.707599 
845.680010 0.722851 
845.860010 0.684063 
846.130010 0.640295 
846.310010 0.711888 
846.490010 0.721145 
846.670010 0.673500 
846.940010 0.657216 
847.120010 0.717383 
847.300010 0.716927 
847.480010 0.654888 
847.750010 0.677169 
847.930010 0.722196 
848.110010 0.708018 
848.290010 0.624051 
848.560010 0.696908 
848.740010 0.723890 
848.920010 0.691011 
849.190010 0.638080 
849.370010 0.713178 
849.550010 0.719339 
849.730010 0.660411 
850.000010 0.677537 
850.180010 0.722756 
850.360010 0.704130 
850.630010 0.613150 
850.810010 0.706437 
850.990010 0.721976 
851.170010 0.671096 
851.440010 0.671021 
851.620010 0.722078 
851.800010 0.705450 
852.070010 0.614617 
852.250010 0.708028 
852.430010 0.720977 
852.610010 0.663285 
852.880010 0.681125 
853.060010 0.723601 
853.240010 0.696202 
853.510010 0.641624 
853.690010 0.716574 
853.870010 0.714264 
854.050010 0.631967 
854.320010 0.701854 
854.500010 0.722425 
854.680010 0.668565 
854.950010 0.680864 
855.130010 0.723772 
855.310010 0.691977 
855.580010 0.654965 
855.760010 0.720417 
855.940010 0.706634 
856.210010 0.625730 
856.390010 0.713978 
856.570010 0.715429 
856.750010 0.630647 
857.020010 0.705826 
857.200010 0.720335 
857.380010 0.651619 
857.650010 0.697199 
857.830010 0.722756 
858.010010 0.665827 
858.280010 0.689224 
858.460010 0.723713 
858.640010 0.675072 
858.910010 0.682869 
859.090010 0.723942 
859.270010 0.680510 
859.540010 0.678889 
859.720010 0.723927 
859.900010 0.682821 
860.170010 0.677745 
860.350010 0.723922 
860.530010 0.682297 
860.800010 0.679567 
860.980010 0.723947 
861.160010 0.678878 
861.430010 0.684133 
861.610010 0.723799 
861.790010 0.672153 
862.060010 0.690904 
862.240010 0.723044 
862.420010 0.661303 
862.690010 0.699071 
862.870010 0.721014 
863.050010 0.645000 
863.320010 0.707637 
863.500010 0.716776 
863.680010 0.621220 
863.950010 0.715474 
864.130010 0.709062 
864.400010 0.644329 
864.580010 0.721358 
864.760010 0.696115 
865.030010 0.671405 
865.210010 0.723930 
865.390010 0.675407 
865.660010 0.694204 
865.840010 0.721581 
866.020010 0.643139 
866.290010 0.711379 
866.470010 0.712181 
866.740010 0.641982 
866.920010 0.721660 
867.100010 0.692588 
867.370010 0.680853 
867.550010 0.723492 
867.730010 0.657764 
868.000010 0.707498 
868.180010 0.714478 
868.450010 0.639273 
868.630010 0.721739 
868.810010 0.690429 
869.080010 0.686427 
869.260010 0.722463 
869.440010 0.643648 
869.710010 0.714257 
869.890010 0.706531 
870.160010 0.664996 
870.340010 0.723944 
870.520010 0.666873 
870.790010 0.706308 
870.970010 0.713824 
871.240010 0.649249 
871.420010 0.723332 
871.600010 0.677270 
871.870010 0.701652 
872.050010 0.716276 
872.320010 0.643627 
872.500010 0.723031 
872.680010 0.678501 
872.950010 0.702222 
873.130010 0.715410 
873.400010 0.649708 
873.580010 0.723612 
873.760010 0.671029 
874.030010 0.707768 
874.210010 0.710692 
874.480010 0.665710 
874.660010 0.723828 
874.840010 0.652309 
875.110010 0.715936 
875.290010 0.699440 
875.560010 0.687099 
875.740010 0.720628 
876.010010 0.633015 
876.190010 0.722708 
876.370010 0.676101 
876.640010 0.707899 
876.820010 0.708854 
877.090010 0.675163 
877.270010 0.722673 
877.450010 0.630112 
877.720010 0.721746 
877.900010 0.679790 
878.170010 0.707481 
878.350010 0.708214 
878.620010 0.679323 
878.800010 0.721614 
879.070010 0.635152 
879.250010 0.723360 
879.430010 0.666096 
879.700010 0.715016 
879.880010 0.696952 
880.150010 0.696950 
880.330010 0.714788 
880.600010 0.668681 
880.780010 0.722892 
881.050010 0.629127 
881.230010 0.723215 
881.410010 0.664773 
881.680010 0.716863 
881.860010 0.691236 
882.130010 0.704408 
882.310010 0.708359 
882.580010 0.686092 
882.760010 0.718492 
883.030010 0.661973 
883.210010 0.723226 
883.480010 0.632060 
883.660010 0.723662 
883.840010 0.654993 
884.110010 0.720594 
884.290010 0.677026 
884.560010 0.714635 
884.740010 0.693027 
885.010010 0.706291 
885.190010 0.704473 
885.460010 0.696026 
885.640010 0.712456 
885.910010 0.684292 
886.090010 0.717803 
886.360010 0.671553 
886.540010 0.721155 
886.810010 0.658300 
886.990010 0.723024 
887.260010 0.645045 
887.440010 0.723829 
887.710010 0.632311 
887.890010 0.723915 
888.070010 0.640335 
888.340010 0.723569 
888.520010 0.648951 
888.790010 0.723025 
888.970010 0.655198 
889.240010 0.722470 
889.420010 0.659406 
889.690010 0.722043 
889.870010 0.661796 
890.140010 0.721832 
890.320010 0.662494 
890.590010 0.721879 
890.770010 0.661539 
891.040010 0.722173 
891.220010 0.658884 
891.490010 0.722657 
891.670010 0.654395 
891.940010 0.723224 
892.120010 0.647843 
892.390010 0.723721 
892.570010 0.638891 
892.840010 0.723947 
893.110010 0.639033 
893.290010 0.723657 
893.560010 0.652020 
893.740010 0.722551 
894.010010 0.665236 
894.190010 0.720273 
894.460010 0.678171 
894.640010 0.716394 
894.910010 0.690340 
895.090010 0.710386 
895.360010 0.701282 
895.540010 0.701587 
895.810010 0.710560 
895.990010 0.689141 
896.260010 0.717742 
896.440010 0.671920 
896.710010 0.722376 
896.890010 0.648397 
897.160010 0.723944 
897.430010 0.651547 
897.610010 0.721806 
897.880010 0.677435 
898.060010 0.715108 
898.330010 0.697694 
898.510010 0.702654 
898.780010 0.712318 
898.960010 0.682709 
899.230010 0.721185 
899.410010 0.652713 
899.680010 0.723927 
899.950010 0.658972 
900.130010 0.719781 
900.400010 0.689653 
900.580010 0.707363 
900.850010 0.710300 
901.030010 0.684324 
901.300010 0.721590 
901.480010 0.646803 
901.750010 0.723499 
902.020010 0.672484 
902.200010 0.715055 
902.470010 0.702762 
902.650010 0.693909 
902.920010 0.719557 
903.100010 0.655594 
903.370010 0.723767 
903.640010 0.671528 
903.820010 0.714647 
904.090010 0.705142 
904.270010 0.689246 
904.540010 0.721610 
904.720010 0.641274 
904.990010 0.722265 
905.260010 0.687294 
905.440010 0.705681 
905.710010 0.715415 
905.890010 0.666704 
906.160010 0.723926 
906.430010 0.672159 
906.610010 0.713011 
906.880010 0.709945 
907.060010 0.678276 
907.330010 0.723763 
907.600010 0.664564 
907.780010 0.715282 
908.050010 0.708167 
908.230010 0.680273 
908.500010 0.723763 
908.770010 0.666891 
908.950010 0.713905 
909.220010 0.710939 
909.400010 0.673461 
909.670010 0.723928 
909.940010 0.678367 
910.120010 0.708043 
910.390010 0.716875 
910.570010 0.655407 
910.840010 0.722303 
911.110010 0.695337 
911.290010 0.694432 
911.560010 0.722615 
911.830010 0.659992 
912.010010 0.714869 
912.280010 0.712324 
912.460010 0.666386 
912.730010 0.723134 
913.000010 0.693350 
913.180010 0.694763 
913.450010 0.723004 
913.720010 0.667100 
913.900010 0.711261 
914.170010 0.716937 
914.350010 0.649512 
914.620010 0.719947 
914.890010 0.706777 
915.070010 0.674967 
915.340010 0.723488 
915.610010 0.694126 
915.790010 0.691661 
916.060010 0.723767 
916.330010 0.680518 
916.510010 0.702446 
916.780010 0.722207 
917.050010 0.667456 
917.230010 0.709223 
917.500010 0.719922 
917.770010 0.656352 
917.950010 0.713275 
918.220010 0.717773 
918.490010 0.648411 
918.670010 0.715439 
918.940010 0.716374 
919.210010 0.644501 
919.390010 0.716204 
919.660010 0.716073 
919.930010 0.645049 
920.110010 0.715757 
920.380010 0.716940 
920.650010 0.649983 
920.830010 0.713992 
921.100010 0.718763 
921.370010 0.658746 
921.550010 0.710513 
921.820010 0.721061 
922.090010 0.670374 
922.270010 0.704597 
922.540010 0.723107 
922.810010 0.683606 
922.990010 0.695125 
923.260010 0.723943 
923.530010 0.697026 
923.710010 0.680447 
923.980010 0.722355 
924.250010 0.709158 
924.430010 0.658115 
924.700010 0.716792 
924.970010 0.718516 
925.240010 0.665425 
925.420010 0.705159 
925.690010 0.723538 
925.960010 0.691739 
926.140010 0.684416 
926.410010 0.722397 
926.680010 0.711036 
926.860010 0.649843 
927.130010 0.712612 
927.400010 0.722020 
927.670010 0.684294 
927.850010 0.690331 
928.120010 0.722983 
928.390010 0.710422 
928.570010 0.649025 
928.840010 0.711024 
929.110010 0.722976 
929.380010 0.691949 
929.560010 0.680708 
929.830010 0.720453 
930.100010 0.717265 
930.370010 0.670487 
930.550010 0.698643 
930.820010 0.723637 
931.090010 0.709328 
931.360010 0.649954 
931.540010 0.708416 
931.810010 0.723811 
932.080010 0.701960 
932.260010 0.662792 
932.530010 0.713278 
932.800010 0.723107 
933.070010 0.697284 
933.250010 0.669407 
933.520010 0.715027 
933.790010 0.722768 
934.060010 0.696542 
934.240010 0.669368 
934.510010 0.714372 
934.780010 0.723177 
935.050010 0.699917 
935.230010 0.662688 
935.500010 0.711053 
935.770010 0.723861 
936.040010 0.706507 
936.310010 0.653548 
936.490010 0.703818 
936.760010 0.723508 
937.030010 0.714483 
937.300010 0.674408 
937.480010 0.690207 
937.750010 0.719943 
938.020010 0.721320 
938.290010 0.695446 
938.470010 0.666000 
938.740010 0.709921 
939.010010 0.723913 
939.280010 0.712860 
939.550010 0.674155 
939.730010 0.688430 
940.000010 0.718314 
940.270010 0.722905 
940.540010 0.704096 
940.810010 0.657379 
940.990010 0.698742 
941.260010 0.721297 
941.530010 0.721280 
941.800010 0.699272 
941.980010 0.655110 
942.250010 0.701541 
942.520010 0.721740 
942.790010 0.721235 
943.060010 0.700461 
943.330010 0.655173 
943.510010 0.698129 
943.780010 0.720177 
944.050010 0.722813 
944.320010 0.707138 
944.590010 0.670355 
944.770010 0.686991 
945.040010 0.714926 
945.310010 0.723936 
945.580010 0.716332 
945.850010 0.691133 
946.030010 0.663299 
946.300010 0.701799 
946.570010 0.720453 
946.840010 0.723213 
947.110010 0.711039 
947.380010 0.682289 
947.560010 0.672877 
947.830010 0.705632 
948.100010 0.721336 
948.370010 0.723033 
948.640010 0.711429 
948.910010 0.685176 
949.090010 0.667735 
949.360010 0.701255 
949.630010 0.718969 
949.900010 0.723909 
950.170010 0.717176 
950.440010 0.698258 
950.710010 0.665061 
950.890010 0.685640 
951.160010 0.710009 
951.430010 0.721928 
951.700010 0.723273 
951.970010 0.714579 
952.240010 0.695208 
952.510010 0.663352 
952.690010 0.685328 
952.960010 0.708417 
953.230010 0.720710 
953.500010 0.723875 
953.770010 0.718572 
954.040010 0.704618 
954.310010 0.681026 
954.490010 0.666661 
954.760010 0.694812 
955.030010 0.712551 
955.300010 0.721833 
955.570010 0.723779 
955.840010 0.718849 
956.110010 0.706953 
956.380010 0.687480 
956.650010 0.659302 
956.830010 0.684639 
957.100010 0.704454 
957.370010 0.716847 
957.640010 0.722977 
957.910010 0.723522 
958.180010 0.718778 
958.450010 0.708717 
958.720010 0.693013 
958.990010 0.671056 
959.170010 0.672353 
959.440010 0.693437 
959.710010 0.708227 
959.980010 0.717782 
960.250010 0.722829 
960.520010 0.723839 
960.790010 0.721074 
961.060010 0.714630 
961.330010 0.704456 
961.600010 0.690374 
961.870010 0.672082 
962.050010 0.668230 
962.320010 0.686828 
962.590010 0.700885 
962.860010 0.711137 
963.130010 0.718136 
963.400010 0.722292 
963.670010 0.723909 
963.940010 0.723199 
964.210010 0.720308 
964.480010 0.715327 
964.750010 0.708300 
965.020010 0.699237 
965.290010 0.688119 
965.560010 0.674904 
965.740010 0.660946 
966.010010 0.675826 
966.280010 0.687995 
966.550010 0.697858 
966.820010 0.705745 
967.090010 0.711926 
967.360010 0.716626 
967.630010 0.720032 
967.900010 0.722302 
968.170010 0.723568 
968.440010 0.723947 
968.710010 0.723538 
968.980010 0.722431 
969.250010 0.720707 
969.520010 0.718441 
969.790010 0.715701 
970.060010 0.712554 
970.330010 0.709065 
970.600010 0.705295 
970.870010 0.701306 
971.140010 0.697159 
971.410010 0.692913 
971.680010 0.688628 
971.950010 0.684362 
972.220010 0.680173 
972.490010 0.676118 
972.760010 0.672249 
973.030010 0.668618 
973.300010 0.665274 
973.480010 0.662664 
973.750010 0.665372 
974.020010 0.667575 
974.290010 0.669306 
974.560010 0.670591 
974.830010 0.671448 
975.100010 0.671891 
975.370010 0.671926 
975.640010 0.671555 
975.910010 0.670771 
976.180010 0.669565 
976.450010 0.667918 
976.720010 0.665808 
977.080010 0.663665 
977.350010 0.666829 
977.620010 0.670299 
977.890010 0.674029 
978.160010 0.677969 
978.430010 0.682067 
978.700010 0.686269 
978.970010 0.690519 
979.240010 0.694761 
979.510010 0.698937 
979.780010 0.702988 
980.050010 0.706857 
980.320010 0.710485 
980.590010 0.713813 
980.860010 0.716779 
981.130010 0.719322 
981.400010 0.721378 
981.670010 0.722878 
981.940010 0.723752 
982.210010 0.723918 
982.480010 0.723290 
982.750010 0.721769 
983.020010 0.719242 
983.290010 0.715578 
983.560010 0.710621 
983.830010 0.704189 
984.100010 0.696063 
984.370010 0.685976 
984.640010 0.673609 
985.000010 0.672050 
985.270010 0.685432 
985.540010 0.696785 
985.810010 0.706153 
986.080010 0.713564 
986.350010 0.719021 
986.620010 0.722494 
986.890010 0.723917 
987.160010 0.723176 
987.430010 0.720102 
987.700010 0.714450 
987.970010 0.705890 
988.240010 0.693975 
988.510010 0.678115 
988.870010 0.674763 
989.140010 0.692044 
989.410010 0.705374 
989.680010 0.715025 
989.950010 0.721161 
990.220010 0.723829 
990.490010 0.722948 
990.760010 0.718287 
991.030010 0.709439 
991.300010 0.695773 
991.570010 0.676375 
991.930010 0.681881 
992.200010 0.700358 
992.470010 0.713263 
992.740010 0.721053 
993.010010 0.723929 
993.280010 0.721834 
993.550010 0.714415 
993.820010 0.700972 
994.090010 0.680364 
994.450010 0.682285 
994.720010 0.702823 
994.990010 0.716140 
995.260010 0.722910 
995.530010 0.723368 
995.800010 0.717294 
996.070010 0.703955 
996.340010 0.681982 
996.700010 0.684367 
996.970010 0.705988 
997.240010 0.718873 
997.510010 0.723861 
997.780010 0.721120 
998.050010 0.710114 
998.320010 0.689484 
998.680010 0.679682 
998.950010 0.704573 
999.220010 0.718932 
999.490010 0.723935 
999.760010 0.719810 
1000.030010 0.705800 
1000.300010 0.679983 
1000.660010 0.692046 
1000.930010 0.713187 
1001.200010 0.722973 
1001.470010 0.722261 
1001.740010 0.710636 
1002.010010 0.686262 
1002.370010 0.688889 
1002.640010 0.712462 
1002.910010 0.723047 
1003.180010 0.721752 
1003.450010 0.708049 
1003.720010 0.679574 
1004.080010 0.696870 
1004.350010 0.717363 
1004.620010 0.723948 
1004.890010 0.717275 
1005.160010 0.695916 
1005.520010 0.683142 
1005.790010 0.711320 
1006.060010 0.723234 
1006.330010 0.720522 
1006.600010 0.702328 
1006.960010 0.676537 
1007.230010 0.708816 
1007.500010 0.722846 
1007.770010 0.720832 
1008.040010 0.701990 
1008.400010 0.679484 
1008.670010 0.711232 
1008.940010 0.723565 
1009.210010 0.718562 
1009.480010 0.694767 
1009.840010 0.690854 
1010.110010 0.717209 
1010.380010 0.723751 
1010.650010 0.711483 
1010.920010 0.677191 
1011.280010 0.706361 
1011.550010 0.722934 
1011.820010 0.719350 
1012.090010 0.694299 
1012.450010 0.694791 
1012.720010 0.719745 
1012.990010 0.722517 
1013.260010 0.703342 
1013.620010 0.685673 
1013.890010 0.716746 
1014.160010 0.723504 
1014.430010 0.707280 
1014.790010 0.681323 
1015.060010 0.715533 
1015.330010 0.723647 
1015.600010 0.707478 
1015.960010 0.682810 
1016.230010 0.716662 
1016.500010 0.723242 
1016.770010 0.704019 
1017.130010 0.689745 
1017.400010 0.719606 
1017.670010 0.721569 
1017.940010 0.695733 
1018.300010 0.700377 
1018.570010 0.722815 
1018.840010 0.716858 
1019.110010 0.679959 
1019.470010 0.711945 
1019.740010 0.723822 
1020.010010 0.706089 
1020.370010 0.691257 
1020.640010 0.721052 
1020.910010 0.719170 
1021.180010 0.684352 
1021.540010 0.711330 
1021.810010 0.723759 
1022.080010 0.703845 
1022.440010 0.696752 
1022.710010 0.722801 
1022.980010 0.714993 
1023.340010 0.679227 
1023.610010 0.718430 
1023.880010 0.720792 
1024.150010 0.686688 
1024.510010 0.712357 
1024.780010 0.723289 
1025.050010 0.697579 
1025.410010 0.706030 
1025.680010 0.723940 
1025.950010 0.704249 
1026.310010 0.700660 
1026.580010 0.723785 
1026.850010 0.707965 
1027.210010 0.697174 
1027.480010 0.723515 
1027.750010 0.709472 
1028.110010 0.696143 
1028.380010 0.723486 
1028.650010 0.709084 
1029.010010 0.697730 
1029.280010 0.723729 
1029.550010 0.706728 
1029.910010 0.701670 
1030.180010 0.723947 
1030.450010 0.701930 
1030.810010 0.707303 
1031.080010 0.723522 
1031.350010 0.693776 
1031.710010 0.713646 
1031.980010 0.721504 
1032.250010 0.680785 
1032.610010 0.719458 
1032.880010 0.716569 
1033.240010 0.689762 
1033.510010 0.723289 
1033.780010 0.706882 
1034.140010 0.705631 
1034.410010 0.723432 
1034.680010 0.689812 
1035.040010 0.717530 
1035.310010 0.717749 
1035.670010 0.690083 
1035.940010 0.723587 
1036.210010 0.703261 
1036.570010 0.710927 
1036.840010 0.721550 
1037.200010 0.679326 
1037.470010 0.722357 
1037.740010 0.708133 
1038.100010 0.707841 
1038.370010 0.722324 
1038.640010 0.677791 
1039.000010 0.722349 
1039.270010 0.707183 
1039.630010 0.709993 
1039.900010 0.721199 
1040.260010 0.685324 
1040.530010 0.723572 
1040.800010 0.699899 
1041.160010 0.716169 
1041.430010 0.716629 
1041.790010 0.699699 
1042.060010 0.723474 
1042.330010 0.682364 
1042.690010 0.722501 
1042.960010 0.704146 
1043.320010 0.714909 
1043.590010 0.716908 
1043.950010 0.701387 
1044.220010 0.722921 
1044.580010 0.682341 
1044.850010 0.723695 
1045.120010 0.695122 
1045.480010 0.720285 
1045.750010 0.708537 
1046.110010 0.713477 
1046.380010 0.716998 
1046.740010 0.703920 
1047.010010 0.721757 
1047.370010 0.692205 
1047.640010 0.723751 
1047.910010 0.679885 
1048.270010 0.723715 
1048.540010 0.691858 
1048.900010 0.722254 
1049.170010 0.700593 
1049.530010 0.719879 
1049.800010 0.706888 
1050.160010 0.717036 
1050.430010 0.711345 
1050.790010 0.714111 
1051.060010 0.714422 
1051.420010 0.711436 
1051.690010 0.716465 
1052.050010 0.709282 
1052.320010 0.717722 
1052.680010 0.707851 
1052.950010 0.718360 
1053.310010 0.707272 
1053.580010 0.718468 
1053.940010 0.707596 
1054.210010 0.718064 
1054.570010 0.708792 
1054.840010 0.717090 
1055.200010 0.710750 
1055.470010 0.715418 
1055.830010 0.713288 
1056.100010 0.712839 
1056.460010 0.716156 
1056.730010 0.709061 
1057.090010 0.719044 
1057.360010 0.703691 
1057.720010 0.721589 
1057.990010 0.696212 
1058.350010 0.723376 
1058.620010 0.685949 
1058.980010 0.723932 
1059.340010 0.689730 
1059.610010 0.722709 
1059.970010 0.701665 
1060.240010 0.719053 
1060.600010 0.711599 
1060.870010 0.712148 
1061.230010 0.718977 
1061.500010 0.700932 
1061.860010 0.723205 
1062.130010 0.683959 
1062.490010 0.723586 
1062.850010 0.699187 
1063.120010 0.719213 
1063.480010 0.713247 
1063.750010 0.708815 
1064.110010 0.721656 
1064.380010 0.690522 
1064.740010 0.723845 
1065.100010 0.698435 
1065.370010 0.718818 
1065.730010 0.715157 
1066.000010 0.704870 
1066.360010 0.723232 
1066.720010 0.686046 
1066.990010 0.722113 
1067.350010 0.709955 
1067.620010 0.710262 
1067.980010 0.722164 
1068.250010 0.684582 
1068.610010 0.722676 
1068.970010 0.709358 
1069.240010 0.709980 
1069.600010 0.722628 
1069.960010 0.686008 
1070.230010 0.721459 
1070.590010 0.713696 
1070.860010 0.703877 
1071.220010 0.723863 
1071.580010 0.698309 
1071.850010 0.716603 
1072.210010 0.720293 
1072.480010 0.688371 
1072.840010 0.722418 
1073.200010 0.713025 
1073.470010 0.703122 
1073.830010 0.723947 
1074.190010 0.703951 
1074.460010 0.711946 
1074.820010 0.723075 
1075.180010 0.694757 
1075.450010 0.716980 
1075.810010 0.721223 
1076.170010 0.686923 
1076.440010 0.719645 
1076.800010 0.719443 
1077.070010 0.686987 
1077.430010 0.720848 
1077.790010 0.718440 
1078.060010 0.689025 
1078.420010 0.721075 
1078.780010 0.718553 
1079.050010 0.687839 
1079.410010 0.720429 
1079.770010 0.719742 
1080.130010 0.686382 
1080.400010 0.718638 
1080.760010 0.721593 
1081.120010 0.694008 
1081.390010 0.715042 
1081.750010 0.723344 
1082.110010 0.703080 
1082.380010 0.708545 
1082.740010 0.723899 
1083.100010 0.712162 
1083.370010 0.697492 
1083.730010 0.721810 
1084.090010 0.719634 
1084.450010 0.691055 
1084.720010 0.715166 
1085.080010 0.723696 
1085.440010 0.708198 
1085.710010 0.701308 
1086.070010 0.722238 
1086.430010 0.719852 
1086.790010 0.694209 
1087.060010 0.712464 
1087.420010 0.723934 
1087.780010 0.714251 
1088.050010 0.690134 
1088.410010 0.717676 
1088.770010 0.723554 
1089.130010 0.709796 
1089.400010 0.696593 
1089.760010 0.719631 
1090.120010 0.723082 
1090.480010 0.708307 
1090.750010 0.697673 
1091.110010 0.719544 
1091.470010 0.723320 
1091.830010 0.710337 
1092.100010 0.693742 
1092.460010 0.717368 
1092.820010 0.723901 
1093.180010 0.715103 
1093.540010 0.689951 
1093.810010 0.711796 
1094.170010 0.723310 
1094.530010 0.720616 
1094.890010 0.703788 
1095.160010 0.700071 
1095.520010 0.718852 
1095.880010 0.723883 
1096.240010 0.716411 
1096.600010 0.695839 
1096.870010 0.706325 
1097.230010 0.720893 
1097.590010 0.723572 
1097.950010 0.715175 
1098.310010 0.695080 
1098.580010 0.705939 
1098.940010 0.720189 
1099.300010 0.723870 
1099.660010 0.717838 
1100.020010 0.701833 
1100.290010 0.698722 
1100.650010 0.715928 
1101.010010 0.723392 
1101.370010 0.722279 
1101.730010 0.712866 
1102.090010 0.694649 
1102.360010 0.704078 
1102.720010 0.717855 
1103.080010 0.723630 
1103.440010 0.722259 
1103.800010 0.713977 
1104.160010 0.698482 
1104.430010 0.699370 
1104.790010 0.714171 
1105.150010 0.722036 
1105.510010 0.723853 
1105.870010 0.720059 
1106.230010 0.710716 
1106.590010 0.695561 
1106.860010 0.700517 
1107.220010 0.713564 
1107.580010 0.721126 
1107.940010 0.723911 
1108.300010 0.722341 
1108.660010 0.716601 
1109.020010 0.706687 
1109.380010 0.692423 
1109.650010 0.701446 
1110.010010 0.712614 
1110.370010 0.719729 
1110.730010 0.723322 
1111.090010 0.723758 
1111.450010 0.721275 
1111.810010 0.716005 
1112.170010 0.707998 
1112.530010 0.697239 
1112.800010 0.694845 
1113.160010 0.705731 
1113.520010 0.713707 
1113.880010 0.719187 
1114.240010 0.722494 
1114.600010 0.723877 
1114.960010 0.723533 
1115.320010 0.721617 
1115.680010 0.718250 
1116.040010 0.713533 
1116.400010 0.707546 
1116.760010 0.700361 
1117.120010 0.692043 
1117.390010 0.696721 
1117.750010 0.703800 
1118.110010 0.709491 
1118.470010 0.713993 
1118.830010 0.717471 
1119.190010 0.720069 
1119.550010 0.721912 
1119.910010 0.723110 
1120.270010 0.723759 
1120.630010 0.723947 
1120.990010 0.723754 
1121.350010 0.723251 
1121.710010 0.722506 
1122.070010 0.721579 
1122.430010 0.720527 
1122.790010 0.719403 
1123.150010 0.718255 
1123.510010 0.717126 
1123.870010 0.716057 
1124.230010 0.715081 
1124.590010 0.714229 
1124.950010 0.713526 
1125.310010 0.712993 
1125.670010 0.712645 
1126.030010 0.712490 
1126.390010 0.712533 
1126.750010 0.712773 
1127.110010 0.713203 
1127.470010 0.713810 
1127.830010 0.714578 
1128.190010 0.715483 
1128.550010 0.716499 
1128.910010 0.717593 
1129.270010 0.718729 
1129.630010 0.719866 
1129.990010 0.720959 
1130.350010 0.721961 
1130.710010 0.722817 
1131.070010 0.723472 
1131.430010 0.723865 
1131.790010 0.723928 
1132.150010 0.723590 
1132.510010 0.722772 
1132.870010 0.721389 
1133.230010 0.719342 
1133.590010 0.716525 
1133.950010 0.712813 
1134.310010 0.708065 
1134.670010 0.702115 
1135.030010 0.694768 
1135.480010 0.698166 
1135.840010 0.705555 
1136.200010 0.711802 
1136.560010 0.716842 
1136.920010 0.720605 
1137.280010 0.723006 
1137.640010 0.723940 
1138.000010 0.723277 
1138.360010 0.720854 
1138.720010 0.716461 
1139.080010 0.709834 
1139.440010 0.700630 
1139.890010 0.696938 
1140.250010 0.707535 
1140.610010 0.715506 
1140.970010 0.720874 
1141.330010 0.723603 
1141.690010 0.723585 
1142.050010 0.720622 
1142.410010 0.714405 
1142.770010 0.704487 
1143.220010 0.696058 
1143.580010 0.708977 
1143.940010 0.717844 
1144.300010 0.722799 
1144.660010 0.723830 
1145.020010 0.720753 
1145.380010 0.713174 
1145.740010 0.700446 
1146.190010 0.703306 
1146.550010 0.715389 
1146.910010 0.722198 
1147.270010 0.723865 
1147.630010 0.720224 
1147.990010 0.710772 
1148.350010 0.694585 
1148.800010 0.710029 
1149.160010 0.720185 
1149.520010 0.723923 
1149.880010 0.721227 
1150.240010 0.711592 
1150.690010 0.694202 
1151.050010 0.712003 
1151.410010 0.721683 
1151.770010 0.723753 
1152.130010 0.718078 
1152.490010 0.703801 
1152.940010 0.705975 
1153.300010 0.719442 
1153.660010 0.723946 
1154.020010 0.719605 
1154.380010 0.705608 
1154.830010 0.705779 
1155.190010 0.719930 
1155.550010 0.723898 
1155.910010 0.717782 
1156.270010 0.700466 
1156.720010 0.711504 
1157.080010 0.722610 
1157.440010 0.722498 
1157.800010 0.710765 
1158.250010 0.702861 
1158.610010 0.719669 
1158.970010 0.723781 
1159.330010 0.715384 
1159.780010 0.697179 
1160.140010 0.717653 
1160.500010 0.723940 
1160.860010 0.716611 
1161.310010 0.696337 
1161.670010 0.717832 
1162.030010 0.723895 
1162.390010 0.715127 
1162.840010 0.700586 
1163.200010 0.720093 
1163.560010 0.723237 
1163.920010 0.710146 
1164.370010 0.708524 
1164.730010 0.722969 
1165.090010 0.720237 
1165.450010 0.699287 
1165.900010 0.717374 
1166.260010 0.723751 
1166.620010 0.711694 
1167.070010 0.708796 
1167.430010 0.723365 
1167.790010 0.718430 
1168.240010 0.699246 
1168.600010 0.721041 
1168.960010 0.721741 
1169.320010 0.700988 
1169.770010 0.718276 
1170.130010 0.723144 
1170.490010 0.705816 
1170.940010 0.716161 
1171.300010 0.723614 
1171.660010 0.707870 
1172.110010 0.715376 
1172.470010 0.723672 
1172.830010 0.707621 
1173.280010 0.716147 
1173.640010 0.723402 
1174.000010 0.705019 
1174.450010 0.718244 
1174.810010 0.722463 
1175.170010 0.699492 
1175.620010 0.720994 
1175.980010 0.720080 
1176.430010 0.702707 
1176.790010 0.723325 
1177.150010 0.715002 
1177.600010 0.712048 
1177.960010 0.723788 
1178.320010 0.705382 
1178.770010 0.719747 
1179.130010 0.720505 
1179.580010 0.704253 
1179.940010 0.723779 
1180.300010 0.710953 
1180.750010 0.717389 
1181.110010 0.721744 
1181.560010 0.702344 
1181.920010 0.723724 
1182.280010 0.710404 
1182.730010 0.718588 
1183.090010 0.720472 
1183.540010 0.707361 
1183.900010 0.723905 
1184.260010 0.703384 
1184.710010 0.722199 
1185.070010 0.714940 
1185.520010 0.716420 
1185.880010 0.721288 
1186.330010 0.707401 
1186.690010 0.723787 
1187.050010 0.699529 
1187.500010 0.723454 
1187.860010 0.709242 
1188.310010 0.721100 
1188.670010 0.715663 
1189.120010 0.717410 
1189.480010 0.719703 
1189.930010 0.712982 
1190.290010 0.722064 
1190.740010 0.708353 
1191.100010 0.723291 
1191.550010 0.703997 
1191.910010 0.723810 
1192.360010 0.700318 
1192.720010 0.723945 
1193.080010 0.698926 
1193.530010 0.723927 
1193.890010 0.700429 
1194.340010 0.723900 
1194.700010 0.700656 
1195.150010 0.723918 
1195.510010 0.699630 
1195.960010 0.723947 
1196.410010 0.699857 
1196.770010 0.723871 
1197.220010 0.703391 
1197.580010 0.723481 
1198.030010 0.707645 
1198.390010 0.722487 
1198.840010 0.712231 
1199.200010 0.720500 
1199.650010 0.716692 
1200.010010 0.717026 
1200.460010 0.720517 
1200.820010 0.711436 
1201.270010 0.723139 
1201.630010 0.702925 
1202.080010 0.723920 
1202.530010 0.706364 
1202.890010 0.722114 
1203.340010 0.715551 
1203.700010 0.716808 
1204.150010 0.721667 
1204.510010 0.706807 
1204.960010 0.723947 
1205.410010 0.706744 
1205.770010 0.721437 
1206.220010 0.718058 
1206.580010 0.712821 
1207.030010 0.723552 
1207.480010 0.702669 
1207.840010 0.722323 
1208.290010 0.717333 
1208.650010 0.712889 
1209.100010 0.723724 
1209.550010 0.705682 
1209.910010 0.720953 
1210.360010 0.720165 
1210.720010 0.707097 
1211.170010 0.723753 
1211.620010 0.714011 
1211.980010 0.715186 
1212.430010 0.723629 
1212.880010 0.707204 
1213.240010 0.719458 
1213.690010 0.722278 
1214.140010 0.701346 
1214.500010 0.721495 
1214.950010 0.720908 
1215.310010 0.702594 
1215.760010 0.722273 
1216.210010 0.720275 
1216.570010 0.703489 
1217.020010 0.722256 
1217.470010 0.720670 
1217.830010 0.701688 
1218.280010 0.721438 
1218.730010 0.721910 
1219.180010 0.703891 
1219.540010 0.719340 
1219.990010 0.723354 
1220.440010 0.710333 
1220.800010 0.714988 
1221.250010 0.723923 
1221.700010 0.717009 
1222.060010 0.706827 
1222.510010 0.722094 
1222.960010 0.722203 
1223.410010 0.707765 
1223.770010 0.715803 
1224.220010 0.723884 
1224.670010 0.718626 
1225.030010 0.702137 
1225.480010 0.719536 
1225.930010 0.723819 
1226.380010 0.716140 
1226.740010 0.705671 
1227.190010 0.720508 
1227.640010 0.723726 
1228.090010 0.716242 
1228.450010 0.704556 
1228.900010 0.719497 
1229.350010 0.723940 
1229.800010 0.718864 
1230.250010 0.704174 
1230.610010 0.715721 
1231.060010 0.723329 
1231.510010 0.722405 
1231.960010 0.713287 
1232.320010 0.706737 
1232.770010 0.719280 
1233.220010 0.723883 
1233.670010 0.721343 
1234.120010 0.711842 
1234.480010 0.707406 
1234.930010 0.718903 
1235.380010 0.723698 
1235.830010 0.722499 
1236.280010 0.715577 
1236.730010 0.702835 
1237.090010 0.714191 
1237.540010 0.721626 
1237.990010 0.723947 
1238.440010 0.721602 
1238.890010 0.714775 
1239.340010 0.703431 
1239.700010 0.712747 
1240.150010 0.720195 
1240.600010 0.723608 
1241.050010 0.723411 
1241.500010 0.719862 
1241.950010 0.713087 
1242.400010 0.703106 
1242.760010 0.711710 
1243.210010 0.718594 
1243.660010 0.722553 
1244.110010 0.723940 
1244.560010 0.723010 
1245.010010 0.719951 
1245.460010 0.714896 
1245.910010 0.707938 
1246.270010 0.705701 
1246.720010 0.712829 
1247.170010 0.717962 
1247.620010 0.721380 
1248.070010 0.723312 
1248.520010 0.723947 
1248.970010 0.723446 
1249.420010 0.721947 
1249.870010 0.719571 
1250.320010 0.716431 
1250.770010 0.712628 
1251.220010 0.708259 
1251.670010 0.703421 
1252.030010 0.707195 
1252.480010 0.711068 
1252.930010 0.714196 
1253.380010 0.716693 
1253.830010 0.718660 
1254.280010 0.720184 
1254.730010 0.721341 
1255.180010 0.722200 
1255.630010 0.722819 
1256.080010 0.723250 
1256.530010 0.723537 
1256.980010 0.723719 
1257.430010 0.723827 
1257.880010 0.723886 
1258.330010 0.723915 
1258.780010 0.723926 
1259.230010 0.723927 
1259.680010 0.723918 
1260.130010 0.723894 
1260.580010 0.723843 
1261.030010 0.723748 
1261.480010 0.723586 
1261.930010 0.723327 
1262.380010 0.722934 
1262.830010 0.722367 
1263.280010 0.721577 
1263.730010 0.720508 
1264.180010 0.719096 
1264.630010 0.717270 
1265.080010 0.714949 
1265.530010 0.712040 
1265.980010 0.708437 
1266.430010 0.704019 
1266.970010 0.708608 
1267.420010 0.712885 
1267.870010 0.716603 
1268.320010 0.719669 
1268.770010 0.721986 
1269.220010 0.723451 
1269.670010 0.723947 
1270.120010 0.723347 
1270.570010 0.721500 
1271.020010 0.718232 
1271.470010 0.713331 
1271.920010 0.706541 
1272.460010 0.710014 
1272.910010 0.716345 
1273.360010 0.720830 
1273.810010 0.723381 
1274.260010 0.723866 
1274.710010 0.722105 
1275.160010 0.717852 
1275.610010 0.710771 
1276.150010 0.708267 
1276.600010 0.716530 
1277.050010 0.721759 
1277.500010 0.723900 
1277.950010 0.722799 
1278.400010 0.718175 
1278.850010 0.709584 
1279.390010 0.711510 
1279.840010 0.719630 
1280.290010 0.723559 
1280.740010 0.723219 
1281.190010 0.718319 
1281.640010 0.708310 
1282.180010 0.714137 
1282.630010 0.721687 
1283.080010 0.723930 
1283.530010 0.720704 
1283.980010 0.711488 
1284.520010 0.712660 
1284.970010 0.721486 
1285.420010 0.723898 
1285.870010 0.719746 
1286.320010 0.708365 
1286.860010 0.716351 
1287.310010 0.723270 
1287.760010 0.722689 
1288.210010 0.714197 
1288.750010 0.712248 
1289.200010 0.722134 
1289.650010 0.723424 
1290.100010 0.715869 
1290.640010 0.711351 
1291.090010 0.722133 
1291.540010 0.723230 
1291.990010 0.714363 
1292.530010 0.714084 
1292.980010 0.723265 
1293.430010 0.721720 
1293.880010 0.708826 
1294.420010 0.719071 
1294.870010 0.723903 
1295.320010 0.716839 
1295.860010 0.713023 
1296.310010 0.723355 
1296.760010 0.720826 
1297.300010 0.707047 
1297.750010 0.721833 
1298.200010 0.722569 
1298.650010 0.708892 
1299.190010 0.720554 
1299.640010 0.723172 
